2.8587
3.5733
4.2987
4.9387
5.664
8.5333
11.3066
13.4187
14.1973
17.0133
19.1146
19.8613
22.6346
24.7787
25.4613
28.2666
30.432
31.136
33.9307
34.624
36.0427
36.7893
37.4507
39.5947
40.2987
41.728
42.432
43.1146
45.248
45.9093
47.328
48.0533
48.768
50.8587
51.552
52.96
53.6853
54.3787
59.3387
60.0746
60.7573
61.4507
62.176
63.5947
65.0027
65.6747
66.3893
67.104
67.7973
69.216
70.7093
71.392
72.0853
72.7787
73.4827
74.88
76.2987
77.0346
77.7387
78.464
79.1253
80.5227
81.92
82.7093
83.3493
84.032
84.768
86.176
87.5413
88.224
88.9813
89.664
90.368
91.808
93.1733
93.8987
94.624
95.3173
96.0213
97.4187
98.8053
99.5307
100.2666
100.9707
101.6533
103.072
104.4907
105.2053
105.5787
105.9413
106.6347
107.3173
108
108.3946
108.7893
109.472
110.1546
110.8587
111.2427
111.6266
112.32
112.992
113.7173
114.0693
114.4213
115.1253
115.8187
116.5013
116.8853
117.2373
117.9413
118.656
119.3387
119.6907
120.064
120.7466
121.4507
122.1866
122.56
122.9547
123.6266
124.3307
125.024
125.4187
125.7387
126.4
127.104
129.952
130.6346
130.9973
131.3813
132.064
132.768
133.4827
133.8133
134.1866
134.88
135.584
136.2987
136.6613
137.0453
137.7387
138.432
