1.3037
2.0161
3.4437
4.164
4.8675
6.2957
7.0194
7.3679
7.7326
8.0915
8.4474
8.6195
8.8041
9.1643
9.511
9.8717
10.0513
10.2359
10.587
10.759
10.9436
11.3036
11.4757
11.6684
11.8312
12.0195
12.4591
14.871
15.2364
15.5834
15.7676
15.9475
16.2995
16.4762
16.6516
17.0114
17.1956
17.3715
17.7362
18.087
18.4435
18.6196
18.8003
19.1646
19.3349
19.511
19.8708
20.0634
20.2361
20.4029
20.5869
20.9434
23.4433
23.7995
24.1677
26.6647
27.0123
27.7379
29.6919
29.868
30.0556
30.2315
30.4074
30.5912
30.9433
31.296
31.6546
32.0187
32.3747
34.5185
34.8707
35.2314
35.5861
36.2953
37.015
37.1913
37.3716
37.7372
38.4477
38.8035
39.1679
39.3311
39.5103
39.6905
39.8673
40.2353
40.4018
41.2944
41.653
42.0172
42.3648
42.7337
43.0811
43.2657
44.1661
44.3336
44.513
44.869
45.0539
45.2259
45.5815
45.9412
46.1173
46.6655
46.8284
47.0087
47.369
47.734
48.4417
48.7988
48.9827
49.87
50.047
50.2343
50.5819
51.6673
51.8299
52.0177
52.3731
52.7337
53.4409
54.5162
54.6886
54.8679
55.2323
55.5791
56.2913
58.435
58.6187
58.7911
59.1497
59.3256
59.5059
59.6896
59.8656
60.2302
60.5769
60.9366
61.2938
61.4695
61.648
62.0158
62.3643
62.7295
62.8957
63.0769
63.4371
64.1581
64.513
64.6844
65.2254
65.3962
66.6488
67.013
67.5485
67.8954
68.256
69.1572
69.508
69.8605
70.5761
71.1161
71.2885
71.4795
71.6601
72.0067
72.7231
73.0754
73.4312
73.6149
73.8036
73.9678
74.1469
74.5071
74.6837
75.5757
75.9401
76.288
76.6596
77.0062
77.3587
77.5419
78.4295
78.7974
79.1545
79.502
79.8616
80.2187
80.3932
80.9333
81.1091
81.2903
81.6493
82.0052
82.7256
83.077
83.2657
84.1447
84.3295
84.5053
84.8604
85.9283
86.1131
86.2933
86.6483
87.0008
87.7219
88.7859
88.977
89.154
89.5086
89.8572
90.5734
92.0013
92.186
92.367
92.7275
93.2589
93.7877
93.9751
94.5066
95.2242
95.3987
95.5791
96.1109
96.6504
96.8314
97.0117
97.3633
97.7278
98.0746
98.434
98.9758
99.6863
100.2286
100.5741
103.7988
104.1492
104.8621
105.5774
105.7539
105.9386
106.2992
107.0064
107.3615
107.7223
107.9099
108.0773
108.2621
108.4296
108.7867
108.9739
109.8622
110.2237
110.5829
110.9624
111.2916
111.6455
111.8293
112.7191
113.0814
113.4328
113.6133
113.7971
114.1447
114.5043
114.6854
115.2227
115.397
115.5737
115.9333
116.2896
117.0041
117.361
117.5448
118.4363
118.789
119.1473
120.2199
120.3954
120.5718
120.7604
120.9316
121.2852
122.0003
123.0716
123.2564
123.4367
123.6123
123.7967
124.1443
124.5006
124.8603
125.5721
125.9363
126.1122
126.2997
126.4731
126.6474
127.008
127.5363
127.7236
128.789
128.9765
129.1564
129.3245
129.5009
129.8649
130.5765
131.6488
131.8328
132.004
132.1965
132.3675
132.7249
133.2555
133.4393
134.1473
134.5079
134.6791
134.8642
135.0361
135.2235
135.5713
136.2845
137.0025
137.1874
137.3672
137.5366
137.7251
137.8958
138.0723
138.2561
138.4402
