0.0117
0.0117
2.2544
3.1163
4.5408
5.4023
6.827
7.6721
7.97
8.2519
8.5333
8.815
9.1132
9.9581
10.5375
10.8197
11.1009
11.3996
12.2441
12.8241
13.1056
13.3875
13.6855
14.5306
15.1014
15.3998
15.681
15.9628
16.5429
16.8242
17.3875
17.9008
18.2491
18.8287
19.1106
19.6741
20.2537
20.5354
22.1756
22.8211
23.6831
23.9644
24.2464
24.5446
24.8261
25.1077
25.6876
25.9695
26.2508
26.8307
27.1122
27.3939
28.2555
28.5368
28.8187
29.1006
29.3981
29.6804
30.2435
30.5413
30.8234
31.1045
31.3865
31.6847
31.9716
32.8164
33.1146
33.3964
33.6778
33.9595
34.2576
34.8213
35.1026
35.4005
35.6824
35.9638
36.2458
36.5436
37.6869
37.9684
38.2502
38.532
38.8301
39.6751
39.973
40.2549
40.5366
40.8178
41.3979
42.2595
42.8223
43.4021
43.9657
44.2471
44.5294
45.1087
45.3903
45.6724
45.9703
46.2522
46.8154
47.3965
47.9595
48.5392
48.8209
49.1027
49.6864
49.9688
50.2501
50.532
50.8297
51.393
51.9728
52.5362
52.8286
53.1154
53.3968
53.6785
53.96
54.2584
54.5398
54.8216
55.1033
55.4013
55.6828
55.9647
56.2463
56.5444
56.826
57.1081
57.3892
58.251
59.3933
59.6762
60.5378
60.8192
61.1013
61.3992
61.6807
62.8236
63.3872
63.9667
65.1098
66.2529
67.1107
67.6739
67.9719
68.2537
68.8171
69.3972
69.6782
69.9601
70.2584
70.5402
70.8216
71.6829
71.965
72.2464
72.5448
72.8262
73.3891
73.9692
74.2512
74.5325
74.8308
75.112
75.3941
76.5371
76.8186
77.1173
77.3985
77.6802
77.9619
78.5417
78.8235
79.105
79.3868
79.6847
79.9665
80.8281
81.6728
81.9712
82.5343
83.1142
83.6773
83.9639
84.2456
84.544
85.3887
85.9686
86.2502
86.5321
87.1119
87.675
87.9731
88.2547
88.5364
88.8181
89.1165
89.9607
90.2596
90.5408
90.8227
91.1041
91.6843
92.2474
92.529
92.8273
93.1091
93.3904
93.672
94.5335
94.8154
95.1133
95.3952
95.6766
96.2566
96.82
97.1009
97.3998
97.6811
97.9629
98.2441
98.8244
99.1059
99.6857
100.2492
100.5306
101.1035
101.4018
101.9649
102.5447
