1.024
2.304
3.104
3.2853
3.5093
4.7146
5.5466
5.76
5.9733
7.2213
8.0427
8.2773
8.48
9.12
9.7493
10.4
11.0187
12.992
13.216
13.4507
15.3066
15.52
15.712
15.9146
16.512
17.12
17.8987
18.1333
18.368
19.6266
20.448
20.64
20.8427
22.8693
23.0507
23.2853
24.512
25.1307
25.344
25.5466
25.7493
26.3466
26.9333
27.584
28.1813
30.0907
30.2933
30.496
30.72
31.3493
31.936
33.0133
33.1733
34.4213
35.1146
35.7866
37.8453
38.0907
38.272
40.1173
40.3307
40.544
40.8
41.3653
41.9627
43.2427
43.904
44.5013
45.28
45.5253
45.7707
47.7653
47.9466
48.16
49.6
49.8133
50.0373
50.24
50.4213
50.6666
51.232
51.84
52.928
53.1307
53.728
54.3466
55.68
55.8933
56.0746
56.2773
56.4693
56.6827
56.8853
57.0987
57.344
57.5466
57.696
57.9093
58.1333
58.5493
58.8053
59.1893
59.392
59.8187
60.0107
60.448
60.672
63.1466
63.3493
63.52
63.712
63.9466
64.1493
64.3627
64.5546
64.7573
64.96
65.1307
65.3227
65.536
65.7387
65.9093
66.1013
66.2827
66.496
66.6987
66.9013
67.1253
67.3707
67.648
67.84
67.968
68.0853
69.152
69.8027
70.4
71.5627
72.2453
72.8427
73.44
74.0693
74.688
75.2853
75.904
76.5227
77.3333
77.5466
77.76
78.9973
79.7866
79.9893
80.224
80.8853
81.472
82.2933
82.496
82.72
83.3173
83.9253
84.7787
84.96
85.1627
85.792
86.4107
86.9973
87.2
87.4133
87.6373
87.84
88.0427
88.2773
88.512
88.7573
