3.428571
4.714285
5.571428
6.857142
8.142857
8.999999
10.28571
11.57143
12.42857
13.71428
17.14285
18.42857
20.57143
21.85714
23.35714
23.64285
23.92857
24.64285
25.28571
26.78571
27.07143
27.42857
28
28.71428
30.57143
30.85714
31.42857
32.14285
34.28571
34.85714
35.57143
36.42857
37.42857
37.71428
38.28571
39
39.85714
40.71428
41.14285
41.35714
41.57143
41.78571
42
42.21429
42.42857
42.64286
43.71429
43.92857
44.14286
44.35715
44.57144
44.78572
45.00001
45.21429
45.42858
45.64286
45.85715
46.07144
46.71429
46.92858
47.14286
47.35715
47.57144
48.00001
48.2143
48.42858
48.64287
48.85716
49.07145
49.28573
49.50002
50.14288
50.35717
50.57145
50.78574
51.00002
51.42859
51.64288
51.85717
52.07146
52.28574
52.50003
52.71432
52.9286
53.57146
53.78574
54.00003
54.21432
54.4286
54.85717
55.28574
55.71432
56.14289
56.57146
57.00003
57.4286
57.64289
57.85717
58.28574
58.9286
59.35718
59.57146
60.4286
60.85718
61.07147
61.28575
61.71432
62.35719
63.00004
63.42861
63.85719
64.50005
64.71433
65.14291
65.78577
66.42862
67.28576
67.71434
68.14291
68.25005
68.57149
69.00006
69.21435
69.8572
70.71435
71.14293
71.57149
72.00007
72.42864
72.64293
73.28578
74.14293
74.5715
75.00007
75.42864
75.64294
75.85722
76.0715
76.71436
76.92865
77.14294
77.35722
78.00008
78.21437
78.42866
78.64294
78.85722
79.2858
79.50009
80.14295
80.35723
80.57152
80.7858
81.0001
81.42867
81.85724
82.28581
82.3
