0.9323
1.487
2.0737
2.671
3.791
4.367
4.975
5.5403
6.1056
6.6816
7.2363
7.8123
8.3776
8.9216
10.1056
10.671
11.2363
11.855
12.9643
13.5296
14.127
14.6923
17.0603
18.1696
19.311
19.8656
20.463
21.0176
22.1483
22.7456
23.3537
23.919
24.4416
25.0283
25.6256
26.2016
26.7776
27.343
28.4736
29.0283
29.6256
30.2016
30.767
31.3323
31.887
32.463
33.0496
35.3536
36.495
37.6256
38.2123
38.7776
39.3643
40.5056
40.783
41.0496
41.3483
41.6256
41.9137
42.2123
42.8096
43.3856
43.983
44.527
45.1243
45.4123
45.6683
46.831
47.407
47.9937
48.5696
49.7323
49.967
50.2443
50.5216
50.8096
51.1083
51.407
52.5483
53.711
54.2656
54.8523
55.4283
55.983
56.5696
56.751
56.9216
57.1243
57.711
58.8736
59.1296
59.4283
59.7376
60.0256
60.3243
60.591
61.1563
61.327
61.5083
61.7003
62.3296
62.895
63.4603
63.7376
64.015
65.1456
65.775
65.935
66.127
66.319
66.895
67.471
68.047
68.303
68.559
68.8363
69.1243
69.423
69.7323
