1.0773
1.632
2.08
2.3573
2.72
3.2107
4.416
4.9173
5.376
5.696
6.0373
6.5813
7.744
8.256
8.7146
9.0453
9.4187
9.8773
11.136
11.5946
12.0427
12.416
12.7253
13.2693
13.792
13.984
14.1546
14.304
14.4746
14.9227
15.3813
15.744
16.0746
16.5973
17.1093
17.2693
17.4187
17.728
18.2187
18.7093
19.072
19.4133
19.8933
20.4266
20.768
21.0346
21.536
22.0266
22.368
22.7413
23.2533
23.7227
23.904
24.096
24.416
24.9066
25.3973
25.7066
26.0587
26.6027
27.0933
27.4027
27.6907
27.872
28.1173
28.2773
28.4266
28.5866
28.736
28.9173
29.0987
29.4293
29.8773
30.368
30.72
31.0827
31.6053
32.032
32.1813
32.352
32.48
32.6293
32.8107
33.2373
33.7493
34.0693
34.3893
34.8587
35.328
35.488
35.648
36.0107
36.5333
37.0453
37.3866
37.728
38.2933
38.7413
38.8907
39.0507
39.2
39.4133
39.936
40.4373
40.7787
41.1413
41.6533
42.048
42.176
42.4213
42.72
43.2213
43.7227
44.0427
44.3627
44.864
45.408
45.5573
45.7387
45.8773
46.0693
46.5387
47.0187
47.3707
47.7547
48.256
48.736
48.8533
49.088
49.4293
49.888
50.3893
50.72
51.0827
51.5947
52.0853
52.2453
52.384
52.544
52.7146
53.28
53.7493
54.1013
54.4533
54.9546
55.4453
55.584
55.7333
56.1813
56.5866
57.0773
57.4507
57.8027
58.2507
61.1093
61.408
61.7066
62.0587
62.368
62.9013
63.4133
63.7227
64.064
64.576
65.056
65.3973
65.728
66.208
66.752
67.072
67.4027
67.9253
68.4266
68.7573
69.0666
69.568
70.112
70.432
70.752
71.2533
71.776
72.0853
72.4053
72.9493
73.4293
73.7813
74.1013
74.432
74.5707
74.9013
75.04
75.2213
75.3813
75.5627
75.776
75.9253
76.2453
76.3946
76.736
76.928
77.0773
77.3973
77.9307
78.4426
78.7413
79.0187
79.4453
80.0746
80.2453
80.416
80.576
80.7573
81.248
81.76
82.0693
82.3787
82.7946
82.9333
83.2427
83.4027
83.552
83.7227
83.8827
84.064
84.5973
85.0773
85.408
85.7173
86.048
86.2187
86.496
86.688
86.816
86.9866
87.1466
87.4027
87.8827
88.3733
88.736
89.0773
89.4187
89.5787
90.016
90.1653
90.3466
90.7093
91.2213
91.648
91.9787
92.3627
92.896
93.3546
93.5146
93.6853
93.8453
94.0373
94.5707
95.0293
95.3173
95.7546
96.256
96.7573
96.9173
97.088
97.2373
97.408
97.8987
98.3573
98.752
99.1146
99.4346
99.616
99.9466
100.1066
100.2773
100.416
100.6187
100.8427
101.2266
101.664
102.0373
102.4107
102.9227
103.3813
103.5413
103.7333
104.128
104.5333
104.9066
105.0666
105.376
105.7707
106.2187
106.6987
107.04
107.3387
107.4987
107.8613
108.0427
108.4373
108.736
109.0773
109.2266
109.5893
109.7493
110.1227
110.4426
110.784
110.944
111.2853
111.4453
111.776
112.096
112.4693
112.608
112.9387
113.088
113.4187
113.76
114.1013
114.2827
114.5813
114.7626
115.1893
115.4773
115.7973
115.936
116.256
116.4266
116.7466
117.0773
117.44
117.632
117.9307
118.112
118.4426
118.7946
119.1146
119.2427
119.5947
119.7546
120.0853
120.2453
120.4266
120.7573
121.28
121.7387
121.9307
122.1227
122.4213
122.9333
