0.9864
1.8691
2.7595
3.6404
3.9068
4.2214
4.5184
5.3988
6.2944
7.1701
7.4376
7.7546
8.0563
8.9308
9.8264
10.7068
10.9684
11.2842
11.5824
12.4569
13.3372
14.2258
14.5086
14.8033
15.1062
15.5469
15.6978
15.8321
16.0007
16.4402
16.5758
16.7078
16.8716
17.317
17.4561
17.581
17.7566
18.03
18.3494
18.6441
19.0742
19.2262
19.3594
19.5303
19.951
20.1007
20.2539
20.3988
20.8508
20.9858
21.1107
21.2792
21.562
21.8626
22.1772
22.6097
22.737
22.8914
23.0564
23.4854
23.6174
23.7694
23.9356
24.3822
24.5154
24.6474
24.8136
25.0952
25.3934
25.6904
26.1382
26.2714
26.4045
26.586
27.0174
27.2484
27.4664
27.8965
28.3444
30.118
30.996
31.4262
31.5605
31.709
31.8752
32.1557
32.4538
32.7532
33.1221
33.333
33.6477
40.6928
41.5802
42.47
43.3303
43.7852
43.9267
44.0704
44.2272
44.6679
44.7908
44.9278
45.0988
45.5176
45.6697
45.8252
45.9879
46.2931
46.5665
46.8741
47.2795
47.4386
47.5694
47.7344
48.1799
48.3366
48.4722
48.6383
49.0838
49.2123
49.3478
49.5187
49.7862
50.0914
50.4073
50.8292
50.9859
51.1203
51.2758
51.7036
51.8592
52.0018
52.1456
52.6017
52.7513
52.881
53.0365
53.3465
53.6175
53.9263
54.3753
54.5274
54.6794
54.8314
55.258
55.4148
55.535
55.7035
56.1125
56.2621
56.4165
56.5732
56.8479
57.1625
57.4536
57.588
57.7412
57.8979
58.0181
58.1737
58.3363
60.1159
60.988
62.7557
63.6278
64.5117
64.6531
64.7945
64.9477
65.101
65.2424
65.3956
66.8852
68.0496
68.9217
69.7985
70.2381
70.6954
71.0878
71.5745
71.7065
71.8574
72.0235
72.1567
72.2887
72.4549
73.6145
73.9327
74.2285
75.1171
75.9951
76.8755
77.7582
78.6468
78.7835
78.9131
79.0663
79.2077
79.3609
79.5259
80.6703
81.0038
81.2855
82.1634
83.0414
83.9371
84.3673
84.8139
85.257
85.6931
86.1056
86.2588
86.3884
86.577
87.0001
87.1533
87.3029
87.4679
87.9016
88.0313
88.1845
88.3494
88.6653
88.9128
89.231
89.6611
89.7943
89.9428
90.109
90.5556
90.6971
90.8385
90.987
91.423
91.5644
91.7059
91.865
92.149
92.4483
92.7665
93.179
93.3204
93.4618
93.6386
94.0864
94.2161
94.3575
94.5225
94.9585
95.1011
95.2414
95.3993
95.681
95.9791
96.2773
96.724
96.8595
96.9915
97.1741
97.6055
97.7339
97.8871
98.0404
98.4846
98.6261
98.7675
98.9313
99.1965
99.5206
99.8034
99.933
100.0862
100.2159
100.3691
100.5105
100.7038
101.1351
101.2754
101.4286
101.5818
102.0037
102.1451
102.3101
102.4633
102.7273
102.9877
103.3413
103.7832
103.9129
104.0779
104.2193
104.6542
104.8074
104.9606
105.1138
105.5263
105.9977
106.3041
106.5869
29.2231
29.3547
29.5041
29.6703
29.803
29.9356
35.7034
35.9853
36.2837
36.4154
36.5644
36.7308
36.8635
36.9951
37.161
