1.1883
1.9883
2.223
2.4683
3.6416
4.015
4.399
4.783
6.0096
6.671
6.863
7.215
7.6203
8.463
8.8683
9.231
9.6683
10.9483
11.727
11.9083
12.1216
12.9537
13.1563
13.4016
13.7537
14.1376
14.5643
14.959
15.375
15.567
15.7803
16.175
16.5483
16.9963
17.1883
17.391
17.775
18.1803
18.6176
18.8096
19.055
19.4496
19.823
20.047
20.2283
20.591
21.0176
21.2416
21.4763
21.8283
22.2337
22.4576
22.671
23.055
23.4496
23.887
24.271
25.0923
25.3056
25.5083
26.351
26.575
26.735
27.087
27.4923
27.9296
28.3243
28.719
28.9323
29.167
29.583
29.807
29.9883
30.1696
30.3937
30.7883
31.1616
31.3856
31.5883
31.9296
32.399
32.6016
32.783
33.583
33.999
34.767
34.991
35.2043
36.0256
36.2283
36.4203
36.8043
37.007
37.231
37.4337
37.7323
38.063
38.4363
38.639
38.831
39.2576
39.439
39.663
39.8656
40.0683
40.2923
40.495
40.9216
41.3483
41.7323
41.9243
42.127
42.5216
42.895
43.1083
43.3323
43.7696
44.1643
44.3456
44.5483
44.943
45.3696
45.5723
45.7856
46.1696
46.5536
46.7456
46.9483
47.1616
47.3643
48.175
48.6016
48.783
48.975
49.4123
49.8176
50.223
50.415
50.6283
50.831
51.0443
51.4496
51.8443
52.239
52.6337
52.8576
53.0283
53.231
53.4443
53.647
53.871
54.3083
54.6923
55.119
55.5136
55.919
57.167
57.8923
58.3403
58.5323
58.7243
59.151
59.567
59.951
60.1643
60.3563
60.5376
60.7616
61.167
61.5403
61.9243
62.351
62.5963
62.7883
63.1723
63.5883
63.8016
63.9937
64.4096
64.8363
65.231
65.6043
65.9883
66.3937
66.8416
67.6416
67.8656
68.0683
69.263
69.679
70.0843
70.4683
71.7056
72.3563
72.5376
72.943
73.3376
74.1483
74.575
74.9696
75.375
76.5803
77.3483
77.583
77.7856
78.5963
78.8096
79.0016
79.4176
79.8016
80.239
80.6123
81.0176
81.2203
81.4443
81.871
82.255
82.6496
82.863
83.0763
83.471
83.8656
84.2923
84.463
84.6763
85.0816
85.5083
85.935
86.3083
87.119
87.2896
87.5563
88.3883
88.5483
88.7083
91.119
91.567
91.7696
91.9937
92.175
92.3883
92.7723
93.199
93.4016
93.5937
93.9563
94.351
94.5963
94.799
95.5883
96.0043
96.431
96.783
97.0283
97.2096
98.063
98.255
98.447
98.863
99.055
99.2363
99.4283
99.6737
100.0896
100.5056
100.7083
100.911
101.3163
101.5083
101.7216
101.903
102.1056
102.2976
102.5003
102.9163
103.3323
103.7483
103.919
104.1856
104.5483
104.9216
105.1243
105.3483
105.7323
106.3296
106.5643
107.0123
108.9963
109.4123
109.8603
110.063
110.255
110.447
110.6283
110.8416
111.0656
111.471
112.015
112.687
112.8683
113.135
114.223
