2.0492
2.4492
2.8492
3.2492
3.6492
4.0492
4.4492
5.2492
5.6492
6.0492
6.4492
6.8492
7.1158
8.4492
8.8492
9.2492
9.6492
10.0492
10.4492
10.8492
11.6492
12.0492
12.4492
12.8492
13.2492
13.5158
14.4492
14.8492
15.2492
16.0492
16.4492
16.8492
17.6492
18.0492
18.4492
18.8492
19.2492
20.8492
21.2492
21.6492
22.4492
22.8492
23.2492
24.0492
24.4492
24.8492
25.2492
25.6492
27.6492
28.0492
28.4492
28.8492
29.2492
29.6492
30.0492
30.8491
31.2491
31.6492
32.0491
32.4492
32.7158
34.0491
34.4492
34.8492
35.2492
35.6492
36.0492
36.4492
37.2492
37.6492
38.0492
38.4492
38.8492
39.1158
40.4492
40.8492
41.2492
41.6492
42.0492
42.3158
43.6492
44.0492
44.4492
44.8492
45.2492
45.5158
46.8492
47.2492
47.6492
48.0492
48.4492
48.7158
49.6492
50.0492
50.4492
50.8492
51.2492
51.6492
52.0492
52.4492
53.2492
53.6492
54.0492
54.8492
55.2492
55.6492
56.4492
56.8492
57.2492
57.6492
58.0492
58.4492
58.8492
59.6492
60.0492
60.4492
61.2492
61.6492
62.0492
62.4492
63.2492
64.0492
64.8492
65.2492
66.0492
66.4492
66.8492
67.6492
68.0492
68.4492
69.2492
69.6492
70.0492
70.4492
70.8492
71.2492
71.6492
72.4492
72.8492
73.2492
74.0492
74.4492
74.8492
75.2492
76.0492
76.8492
77.6492
78.0492
78.4492
84.8492
91.6491
92.0491
92.4491
92.8491
93.2491
93.6491
94.0491
94.8491
95.2491
95.6491
96.0491
96.4491
96.7158
98.0491
98.4491
98.8491
99.2491
99.6491
100.0491
100.4491
101.2491
101.6491
102.0491
102.4491
102.8491
103.1158
104.0491
104.4491
104.8491
105.6491
106.0491
106.4491
107.2491
107.6491
108.0491
108.4491
108.8491
110.8491
111.6491
112.4491
113.2491
114.0491
114.8491
115.6491
116.4491
116.8491
117.2491
117.6491
118.4491
118.8491
119.2491
120.0491
120.4491
120.8491
121.2491
121.6491
122.4491
