2.0053
3.04
3.3493
4
5.984
6.9333
7.2107
7.904
9.856
11.072
11.7866
13.1733
13.7387
15.04
15.7546
17.6853
18.976
19.648
20.32
20.96
21.536
22.528
22.9013
23.52
24.8427
25.5146
26.8587
27.4987
28.16
28.8
29.4933
30.4427
30.7413
31.3813
32.6933
33.3546
34.6346
35.2746
35.9573
36.5866
37.1733
39.3066
43.264
43.904
44.5227
45.3546
46.1333
47.1146
75.4346
75.7227
76.0107
76.8533
77.2053
78.432
78.9333
79.5307
79.8293
80.1387
80.7146
81.1946
81.5253
81.792
83.52
84.16
84.6933
85.0027
85.28
86.208
86.496
87.2747
87.5733
88.2133
88.7573
89.056
89.312
89.824
90.752
91.0507
91.6053
92.1707
92.8427
93.3546
93.92
94.2507
94.496
94.7733
95.04
95.36
95.5093
95.6587
96.1813
96.832
97.4293
98.016
98.5707
98.88
99.136
99.4346
99.7013
100.0213
100.1707
100.32
100.9173
101.4507
102.08
102.624
102.9333
103.2747
104.0746
104.32
104.6293
104.928
105.4827
106.0373
106.6347
106.9013
107.232
107.7973
108.672
108.9387
109.4827
110.1013
110.6987
111.296
111.5627
111.84
112.416
113.2693
113.5253
114.1227
114.72
115.936
117.056
117.3013
117.6
119.424
119.7227
120.032
120.672
121.0027
121.3227
122.08
122.528
123.0293
123.6266
124.4266
