2
2.25
2.5
3.1875
3.75
5.0625
5.25
5.625
6
6.375
7.125
7.5
8
8.25
8.5
9.1875
9.75
12
12.75
13.5
14.25
15
15.5625
15.75
16.875
17.25
18
18.5625
18.75
19.875
20.25
21
21.5625
21.75
22.875
23.25
24
24.5625
24.75
25.875
26.25
27
27.375
27.6563
27.75
28.125
28.5
28.7813
28.875
29.25
29.625
29.9063
30
30.375
30.75
31.0313
31.125
31.5
31.875
32.25
32.625
33
33.5625
33.75
34.875
35.25
36
36.5625
36.75
37.875
38.25
39
39.5625
39.75
40.875
41.25
42
42.375
42.75
43.125
43.5
43.875
44.25
45
45.5625
45.75
46.875
47.25
48.375
48.75
49.125
49.5
49.875
50.25
50.625
51
51.5625
51.75
52.875
53.25
54
54.5625
54.75
55.875
56.25
57
57.5625
57.75
58.875
59.25
60.375
60.75
61.125
61.5
61.875
62.25
62.625
63
64.5
64.6875
65.0625
65.4375
66
66.1875
66.5625
66.9375
67.5
67.6875
68.0625
68.4375
68.8125
70.4063
70.5
70.7813
71.0625
71.4375
72
72.1875
72.5625
72.9375
73.4063
73.5
73.6875
74.0625
74.4375
74.8125
78.9375
79.3125
79.875
80.0625
80.625
80.8125
81.1875
83.0625
83.8125
84
84.5625
84.75
84.9376
85.1251
85.5001
85.6876
85.8751
86.2501
86.4376
87.0001
87.7501
88.5001
89.2501
90.0001
90.5626
90.7501
91.3126
91.875
92.2501
93.0001
93.5625
93.7501
94.8751
95.2501
96.0001
96.5626
96.7501
97.8751
98.2501
99.0001
99.5626
99.7501
100.8751
101.2501
102.0001
102.3751
102.6563
102.7501
103.1251
103.5001
103.7813
103.8751
104.2501
104.6251
104.9063
105.0001
105.3751
105.7501
106.0313
106.1251
106.5001
106.8751
107.2501
107.6251
108.0001
108.3751
108.6563
108.7501
109.1251
109.5001
109.6876
110.0626
110.4376
110.6251
111.0001
111.5626
111.9376
112.1251
112.5001
113.0626
113.4376
113.6251
114.0001
115.1251
115.4063
115.6876
116.6251
117.0001
117.5626
117.7501
118.3126
118.5001
120.7501
121.1251
121.5001
122.6251
123.0001
123.5626
124.1251
124.5001
126.7501
127.1251
128.2501
128.6251
129.7501
130.1251
130.8751
131.2501
132.0001
132.5626
132.7501
133.8751
134.2501
135.0001
135.5626
135.7501
136.8751
137.2501
138.0001
138.7501
139.5001
140.2501
140.6251
140.8126
141.0001
141.5626
141.7501
142.8751
143.2501
144.0001
144.5626
144.9376
145.1251
145.5001
146.0626
146.4376
146.6251
147.0001
147.5626
147.7501
148.8751
149.2501
150.0001
150.5626
150.6564
150.9376
151.3126
151.6876
152.4376
153.0001
153.5626
153.7501
154.8751
155.2501
156.1876
156.2813
156.5626
157.5001
157.8751
158.2501
158.6251
159.3751
159.6564
159.7501
159.9376
160.8751
161.1564
161.2501
161.4376
161.6251
161.8126
162.0001
162.1876
162.5626
162.7501
164.0626
164.4376
164.6251
