1.216
2.0736
2.3424
4.3328
4.6464
4.9344
5.2032
5.4912
5.7664
6.624
6.944
8.0768
8.6336
9.1968
9.7664
10.3296
11.1808
11.456
13.4656
13.7984
14.0736
14.3424
14.624
14.9248
16.1152
17.28
18.4
19.5136
20.384
20.6528
22.6624
22.9504
23.2064
23.4816
23.7696
24.0832
24.9344
25.2416
26.3808
26.9632
27.5328
28.096
28.6976
29.5616
29.8624
31.8848
32.16
32.416
32.6912
32.9792
33.248
35.2256
35.392
35.5648
37.9712
38.7904
39.0144
39.8592
40.192
41.0496
41.3248
41.5808
41.8304
42.144
42.4256
43.3536
43.6096
44.4096
44.7488
45.3248
45.8944
46.4768
47.04
47.8784
48.1792
49.0048
49.312
50.1824
50.464
50.7712
51.0528
51.3344
51.6352
52.4992
52.7872
53.9392
55.0848
56.2176
57.0624
57.3888
58.2336
58.5216
59.4048
59.6672
59.9424
60.1856
60.4864
60.768
61.632
61.9456
63.6672
64.2112
64.7488
65.376
66.2464
66.5536
68.5504
68.8576
69.12
69.3888
69.6768
69.984
72.3264
74.4832
75.3216
75.6416
76.5376
76.8256
77.3824
77.5872
77.792
77.984
78.5216
79.1168
79.9872
80.2624
81.1136
81.3824
81.9456
82.1696
82.4064
82.5984
83.136
83.712
84.5824
84.864
85.728
86.0032
86.5472
86.7456
86.9632
87.168
87.7504
88.3264
89.2032
89.4912
90.3296
90.592
91.1552
91.3472
91.5648
91.7632
92.3392
92.8768
93.4592
93.6576
93.8304
94.016
94.5792
94.7712
94.9504
95.1488
95.744
95.9104
96.128
96.3072
96.8384
97.4272
98.0032
98.1888
98.3744
98.5856
99.1424
99.36
99.5584
99.744
100.3264
100.5184
100.6912
100.896
101.5168
102.0672
102.6368
102.8224
103.0208
103.2384
103.616
104.0064
104.3776
104.9408
105.1456
105.3376
105.5488
105.8944
106.272
106.7008
107.2832
107.4752
107.6224
107.8208
108.224
108.576
109.0176
