0
0.542332
0.758714
1.257093
1.490784
1.970915
2.451259
2.703786
3.185546
3.434634
3.666465
3.914149
4.395838
4.627996
5.109969
5.35816
8.038585
8.271137
8.50322
8.751992
9.465954
9.715313
9.966752
10.19949
10.68123
10.93242
11.16457
11.41421
11.89614
12.14465
12.37703
12.62474
13.34589
13.5795
13.83485
14.07
14.56052
14.80295
15.03661
15.77833
16.01647
16.25068
16.5013
17.21906
17.45393
17.7026
17.93455
18.66768
18.91852
19.15239
19.63195
19.86359
20.11269
20.36139
21.0925
21.32648
21.57667
21.80822
22.79853
23.51114
23.74202
23.99094
24.24161
24.47562
24.70932
24.9575
25.20559
25.70097
26.18298
26.68032
27.12933
27.43221
27.64198
27.90597
28.12281
28.34531
28.5954
28.82732
29.07816
29.56649
30.04251
30.46687
31.02431
31.24373
31.49506
31.73435
31.97476
32.21008
32.46776
32.70546
32.93953
33.65807
33.90674
34.1554
34.38726
34.63821
34.87524
35.1239
35.35577
36.81639
37.78275
38.27879
38.50741
38.74036
39.23845
39.47214
39.95179
40.2029
40.68468
41.16579
41.41465
41.8996
42.14773
42.615
43.1076
43.34461
43.83464
44.07029
44.56099
45.28331
45.53484
45.76721
46.01651
46.51728
46.98161
47.21654
47.70577
47.94302
48.20818
48.35785
48.50634
49.15268
49.29614
49.41144
50.05608
50.20576
50.35425
51.61054
51.80853
52.06309
52.30469
52.55453
52.78905
53.03889
53.28756
53.71418
55.2
