3.6923
3.9231
6.4615
6.6923
6.9231
7.1538
7.3846
10.1538
10.3846
10.6154
10.8462
11.0769
11.3077
13.6154
13.8462
14.0769
14.3077
14.5385
14.7692
15
18
18.2308
18.4615
18.5769
18.6923
21
21.2308
21.4615
21.6923
21.9231
22.1538
24.9211
25.1519
25.3817
25.6125
25.8433
26.5586
28.3846
28.6135
28.8442
29.075
29.3058
29.5365
32.3086
32.5384
32.7692
32.999
33.2308
35.9981
36.2288
36.4606
36.6904
36.9211
39.6894
39.9211
40.1519
40.3827
40.6125
40.8442
43.1538
43.3846
43.6144
43.8452
44.076
44.3067
47.0788
47.3086
47.5385
47.7683
47.999
50.5375
50.7683
50.999
51.2298
51.4596
51.6904
54.4615
54.6923
54.9231
55.1538
55.3846
56.0769
57.9231
58.1539
58.3846
58.6154
58.8452
59.076
62.7692
63
63.6923
65.5385
66.4615
66.6923
67.3846
69.2308
70.1538
70.3846
71.0769
72.9231
73.8461
74.7692
75.6923
76.1538
76.6154
77.0769
77.5385
77.7692
78
78.2308
78.4615
78.6923
78.9231
79.1539
79.6154
79.8462
80.0769
80.3077
80.5385
80.7692
81.2308
81.4616
81.6923
81.9231
82.1539
82.3846
82.6154
82.8462
83.3077
83.5385
83.7693
84
84.2308
84.4616
84.9231
85.1539
85.3847
85.6154
85.8462
86.077
86.3077
86.5385
87.0001
87.2308
87.4616
87.6924
87.9231
88.1539
88.6154
89.5385
90.4616
90.9231
91.3847
91.6154
91.8462
92.077
92.3068
93.2308
94.8462
95.077
95.3078
95.5385
95.7693
96.0001
96.9232
97.8664
98.7693
99.0001
99.2308
99.4616
99.6924
100.3847
101.5385
102.2308
102.4616
102.6924
102.9232
103.1539
103.3847
104.3078
105.2308
106.1539
106.3847
106.6155
106.8462
107.077
107.7693
107.8847
108.0001
108.9231
109.6155
109.8462
110.077
110.3078
110.5385
110.7693
111.6924
112.6155
113.5385
113.7693
114.0001
114.2308
114.4616
115.1722
116.3078
117.0001
117.2308
117.4616
117.6924
117.9232
118.1539
118.6462
119.1145
119.5722
120.0289
120.9231
121.1539
121.3847
121.6155
121.8462
122.5385
124.6154
124.8462
125.077
125.3078
125.5385
126.4616
127.1539
127.2693
127.3847
127.6154
127.8462
128.077
128.3078
128.5385
128.7693
129
