3.0997
3.442
3.7907
5.0351
5.3012
5.6427
6.8846
7.1489
7.5074
8.7443
9.0156
9.3667
10.5967
10.9138
11.2203
12.1342
12.4496
12.7128
13.0603
14.6162
14.9303
15.5006
16.1259
16.4369
16.7327
18.6332
19.2608
19.865
20.4573
21.1196
22.3472
22.9319
23.5801
24.1639
26.0118
26.684
27.2904
27.5997
27.9217
28.2013
28.5288
29.7289
30.3919
31.0011
31.5908
32.2387
32.8283
34.0989
34.7175
35.9571
36.5806
37.8161
38.4344
38.7438
39.0404
40.2878
40.6013
40.9045
41.4738
42.1385
42.4172
42.7585
43.3716
43.96
44.2662
44.5689
45.8503
46.1173
46.4706
47.3932
47.6666
48.0183
48.3339
48.945
49.5627
50.1898
50.8013
51.388
51.68
52.0007
53.859
54.4658
55.0841
55.7047
56.3288
57.5718
58.1883
58.799
59.4143
60.0366
60.6633
61.8617
62.4845
63.0956
63.7094
64.3303
64.6461
64.9091
65.2282
65.5271
66.686
67.0017
67.2756
68.5026
69.1627
69.7772
70.4477
71.0925
71.7228
72.3795
73.0322
73.6443
73.952
74.307
75.5809
75.8967
76.2036
77.4825
77.7922
78.129
78.7508
79.4102
79.7187
80.0722
81.3405
81.6535
81.9642
82.6256
82.9588
83.231
83.5844
83.9317
85.2075
85.5115
85.8566
86.4753
87.1381
87.4555
87.8052
89.0771
89.38
89.7388
90.3969
91.002
91.6566
92.3223
92.9759
93.2865
93.6312
94.2905
94.919
95.6502
99.6592
100.3598
100.9425
101.2167
101.5186
101.8753
102.212
103.5385
103.8444
104.1895
105.541
107.8583
109.1735
109.4874
109.8359
110.4965
111.2273
111.6184
112.1231
112.6633
113.0825
113.5119
114.0419
114.7512
