2.4813
3.0573
3.644
4.2307
4.828
5.1266
5.404
7.228
7.836
8.4546
8.7853
9.0413
9.3293
9.6387
12.0066
12.636
13.2546
13.8413
14.4387
14.7373
15.0466
15.964
16.252
16.54
16.8173
17.1266
17.4466
18.0546
18.3213
18.6307
18.9613
19.3027
20.764
21.0307
21.3187
21.628
24.06
24.6893
25.2653
25.8413
26.4493
26.7266
27.0253
27.676
27.964
28.2413
28.8387
29.4573
30.076
30.3746
30.6627
30.972
31.3027
31.8573
32.188
32.508
33.7027
34.332
34.9187
35.5266
36.1133
36.4013
36.7
37.6066
37.8733
38.1293
38.4066
38.716
39.036
39.6546
39.9746
40.2413
40.6253
40.924
43.26
43.8573
44.156
44.4546
44.7853
45.1053
45.9907
46.2787
46.5666
46.8546
47.164
47.4627
47.9107
48.1027
49.052
49.308
49.5746
49.916
50.7587
51.0573
51.3666
51.6653
52.0066
52.284
52.732
52.8707
53.756
54.044
54.364
54.524
54.6733
55.5693
55.8787
56.124
56.2733
56.4653
56.7746
57.0947
57.532
57.66
58.588
58.876
59.164
59.324
59.4627
60.3373
60.6466
60.9347
61.5427
61.852
62.1293
63.3346
63.6333
63.9427
64.2413
65.148
65.4466
65.7346
66.0653
66.396
66.652
67.068
67.228
68.2093
68.4973
68.764
69.084
69.98
70.3107
70.5987
70.876
71.2066
71.516
71.9
72.0493
72.956
73.244
73.5746
73.7666
73.9266
74.812
75.0466
75.3133
75.612
75.9107
76.1987
76.6466
76.8387
77.788
78.0866
78.3427
78.5133
78.6627
79.548
79.8573
80.124
80.284
80.4973
80.7747
81.0413
81.3613
81.6813
82.012
82.3
82.5666
82.8653
83.1427
83.452
83.7507
84.0707
84.38
84.6573
84.9666
85.244
85.5427
85.8627
86.1613
86.4707
86.7693
87.0573
87.3666
87.6866
87.9746
88.2733
88.5933
88.8707
89.1587
89.4466
89.724
90.0227
90.3213
90.6307
90.9187
91.228
91.8893
92.412
93.0093
93.6387
93.9266
94.2253
96.0707
96.7
97.2973
97.596
97.8627
98.1613
98.4387
100.8493
101.4573
102.0546
102.6307
103.26
103.548
103.8466
104.7213
105.02
105.2866
105.564
105.884
106.236
106.844
107.1533
107.388
107.6653
107.9746
108.604
108.796
108.988
109.2227
109.9373
110.7907
