2.0396
2.5299
3.0344
3.5309
4.0393
4.2819
4.5337
6.0383
6.538
7.0317
7.2745
7.5382
7.7831
8.0311
10.0285
10.5378
11.0352
11.5333
12.0344
12.2892
12.527
13.2863
13.5392
13.7911
14.0386
14.2951
14.5258
15.0247
15.2874
15.528
15.7828
16.0326
17.2872
17.5385
17.7886
18.0346
22.0359
22.5282
23.026
23.5261
24.0358
24.2878
24.5381
26.0361
26.5295
27.0457
27.2907
27.5253
27.7865
28.0341
28.5313
28.7787
29.0261
30.0249
30.5384
31.0263
31.5282
32.0389
32.2789
32.5398
33.2806
33.5376
33.7801
34.0348
34.2844
34.5361
35.0383
35.2825
35.5376
35.7822
36.0241
38.779
39.0339
39.2801
39.5378
40.2851
40.5338
40.7933
41.0327
41.2818
41.5257
41.9029
42.0221
42.7901
43.0389
43.2798
43.5359
44.2844
44.5293
44.7823
45.0287
45.2779
45.529
45.8996
46.0316
46.7902
47.0305
47.2854
47.5294
48.2795
48.5254
48.7774
48.9125
49.0342
49.2831
49.5326
49.9118
50.0281
50.7783
51.0294
51.2853
51.4006
51.5366
52.2907
52.5274
52.7865
53.2876
53.535
53.782
55.7763
56.0376
56.2895
56.5263
56.7752
57.0313
57.277
57.5329
57.9142
58.0351
58.7789
59.0406
59.291
59.5279
60.2808
60.5294
60.7848
61.0409
61.2828
61.53
61.9129
62.0356
63.7769
64.0401
66.0317
66.7857
67.0339
67.2828
67.4125
67.5395
68.2859
68.5334
68.7826
68.8996
69.0404
69.2874
69.5409
69.7955
70.0348
70.2828
70.536
70.7754
71.0363
71.2883
71.5284
71.7837
72.0327
72.2838
72.5279
74.0393
74.2754
74.5323
74.7847
75.0363
75.2849
75.5382
75.7862
76.0398
76.2863
76.5318
76.7872
77.0324
77.2835
77.5358
77.7754
78.0357
78.5378
79.0381
79.5332
80.0249
80.2902
80.5393
82.0314
82.5379
83.0372
83.2899
83.5297
83.782
84.0429
84.279
84.4156
84.5432
84.7792
84.9159
85.0253
86.0399
86.539
87.0352
87.5362
88.0289
88.277
88.5349
89.2829
89.5286
89.7816
90.0288
90.279
90.5254
91.04
91.2803
91.535
91.7849
92.0306
93.2901
93.5309
93.7751
94.0392
