0.75
1.5
2.25
3
3.375
3.75
4.5
5.25
6
6.375
6.75
7.5
8.25
9
9.375
9.75
10.5
11.25
12
12.25
12.375
12.75
13.125
13.5
14.25
15
15.75
16.5
17.25
18
18.75
19.125
19.5
19.875
20.25
21
21.75
22.125
22.5
22.875
23.25
23.625
24
24.375
24.625
24.75
25.5
26.25
27
27.375
27.75
28.5
29.25
30
30.375
30.75
31.5
32.25
33
33.375
33.75
34.5
35.25
35.625
35.875
36
36.375
36.75
37.125
37.5
38.25
39
39.75
40.5
41.25
42
42.75
43.125
43.5
43.875
44.25
46.125
46.5
46.875
47.25
47.625
48
48.375
48.75
49.125
49.875
50.25
50.625
51
51.375
51.75
52.125
52.875
53.25
53.625
54
54.375
54.75
55.125
55.5
55.875
56.25
56.625
57
57.375
57.75
60.75
61.5
61.875
62.25
63
63.375
63.75
64.5
65.25
66
66.375
66.75
67.5
68.25
69
69.375
69.75
70.5
71.25
71.625
71.875
72
72.375
72.75
73.125
73.5
74.25
75
75.75
76.125
76.5
76.875
77.25
77.625
78
78.375
78.75
79.125
79.5
79.875
80.25
80.625
81
81.25
81.375
81.7501
82.1251
82.5001
82.8751
83.2501
83.6251
84.0001
84.2501
84.3751
84.7501
85.1251
85.5001
85.8751
86.2501
86.6251
87.0001
87.3751
