0.0514
0.0514
2.3808
2.7117
3.0434
5.0479
6.415
6.7462
7.0778
9.0819
10.4242
10.7551
11.0868
13.0914
14.4166
14.7478
15.079
16.0899
17.0838
18.0779
18.4254
18.757
19.0886
20.0823
21.0766
22.0786
22.4098
22.7577
23.0893
24.0832
25.0771
26.0878
26.4192
26.7503
27.082
28.0921
29.0861
30.08
30.4115
30.7596
31.0909
31.5386
33.0789
33.5927
34.0897
34.421
34.7521
35.746
36.7569
37.7507
38.0821
38.4135
38.7449
40.0866
40.4179
40.7489
41.7433
42.7537
44.0791
44.4104
44.7584
45.7588
46.7534
48.0786
48.4098
48.7577
49.7515
50.7456
52.0876
52.4188
52.7504
53.2471
54.4235
54.7549
56.08
56.4112
56.7592
57.7537
58.7474
60.0895
60.4207
60.752
61.7457
62.7562
64.0818
64.413
64.7446
65.7553
66.7492
67.7597
68.0908
68.4227
68.7536
69.251
69.7562
70.2532
70.7498
72.0919
72.4233
72.7546
73.2514
74.0799
74.4113
74.743
75.2563
76.0844
76.4156
76.747
77.2442
78.0887
78.4204
78.7517
79.2487
80.0772
80.4251
80.7564
81.2534
82.0815
82.4129
82.7443
83.258
84.0865
84.4177
84.7489
85.2461
86.0907
86.4217
86.7534
87.2501
88.7581
89.2549
90.7462
91.7566
92.0879
92.4195
92.7506
93.2479
93.7523
94.0839
94.4151
94.7469
95.2436
95.7572
96.0885
96.4197
96.751
97.2482
98.0767
98.4245
98.7557
99.2527
100.0812
100.4125
100.7441
101.2574
102.0855
102.4167
102.7484
103.2454
104.0905
104.4218
104.753
105.2496
106.0785
106.4097
106.7576
107.2548
108.0826
108.4144
108.7457
109.2594
110.0872
110.4191
110.7503
111.247
112.092
112.4236
112.7549
113.252
113.7487
114.0803
114.4113
114.7596
115.2562
115.7533
116.0845
116.4159
116.7476
117.2442
117.7485
118.0806
118.4116
118.7433
119.2565
119.7536
120.0844
120.4163
120.7477
121.2444
121.7582
122.0894
122.4208
122.7518
123.2492
123.7462
124.0775
124.4249
124.7566
125.2536
125.7509
126.0821
126.4133
126.7444
127.2583
127.7554
128.0866
128.4176
128.7493
129.2462
