0
0
0
0
0.011854
0.011854
1.043051
1.376234
1.877562
2.210629
2.544157
2.710806
3.710124
6.377541
6.710839
7.21021
7.543738
7.877611
8.044605
9.043577
10.37918
11.04498
11.7133
12.04475
12.54527
12.87857
13.21233
13.3791
14.37887
17.04698
17.37924
17.87861
18.21352
18.54659
18.72301
22.36235
22.52865
23.0278
23.36293
23.52889
24.36294
25.02862
25.194
25.69475
26.02863
26.1962
26.69591
27.0284
27.19448
27.36067
27.52812
27.69339
27.86199
28.36171
28.69742
28.86281
29.69709
30.36299
30.52872
31.02821
31.36254
31.52861
32.02856
32.36059
32.69688
33.01786
33.18428
33.69746
34.02892
34.19488
35.02847
35.69576
35.86091
36.3635
36.67781
36.86644
37.36501
37.69796
38.03068
38.19618
38.36179
38.52787
39.02747
39.36341
39.53064
40.36169
41.02737
41.19586
41.69707
42.02864
42.19552
42.69512
43.02819
43.36091
43.69524
44.36
44.69583
45.02798
45.69561
46.35967
47.02983
47.69884
48.3514
49.03065
49.69484
50.02813
50.36028
51.02734
51.69462
52.35984
53.02804
53.69291
54.35997
55.02806
55.35997
55.69558
56.35998
57.02773
57.6941
58.36023
59.0289
59.69284
60.35944
60.69423
61.02696
61.69965
62.36303
63.68436
64.36407
65.01778
65.1
