2.52862
3.540367
4.536463
5.033417
5.530371
6.52451
7.037922
7.534991
8.036549
9.030112
9.527066
10.53812
11.53169
12.52559
13.03912
13.53608
14.53056
15.02717
15.54093
16.04904
17.03133
17.52759
18.53946
19.53336
20.52647
21.04022
21.53729
22.53143
23.02793
23.52499
24.03852
25.03162
25.52835
26.53998
27.53389
28.52791
29.02475
29.53828
30.53219
31.02914
31.52667
32.0402
33.03365
33.53049
34.52451
35.03815
35.53625
35.78497
36.03321
36.53028
36.7791
37.02723
37.27928
37.77957
38.02816
38.53628
39.03323
39.5303
39.77936
40.02737
40.5409
40.78938
41.03809
41.28069
41.78214
42.03061
42.52768
42.90886
43.2898
43.78675
44.03558
44.53242
44.91348
45.27785
45.79034
46.03882
46.28741
46.53646
46.91269
47.27694
47.79059
48.0393
48.53602
48.90131
49.28237
49.53108
49.77967
50.02814
50.27662
50.5251
50.90685
51.28711
51.78418
52.02908
52.52604
52.90756
53.28873
53.78534
54.03635
54.28483
54.53342
54.9146
55.2792
55.52744
55.77604
56.04097
56.5385
56.90495
57.27461
57.65601
58.05031
58.28659
58.54128
58.90554
59.28648
59.53519
60.03226
60.52909
60.91004
61.27487
61.53981
61.78851
62.03665
62.53395
62.915
63.27949
63.52797
64.02561
64.53914
64.90328
65.284
65.53248
65.78107
66.02954
66.52684
66.90744
67.28851
67.53698
68.03405
68.53101
68.91195
69.27666
69.52491
69.79031
70.03855
70.53562
70.90022
71.28117
71.52976
72.02971
72.52655
72.90795
73.28855
73.65292
74.0341
74.2858
74.53439
75.02905
75.52612
75.7907
76.03929
76.53625
76.78472
77.0332
77.28226
77.77875
78.02757
78.54076
79.03644
79.53397
79.7821
80.03046
80.52753
80.77601
81.02472
81.28989
81.78695
82.0352
82.53262
82.91299
83.27782
83.52629
84.03993
84.53735
84.90149
85.28669
85.5354
85.78365
86.0327
86.52931
86.91026
87.27486
87.52656
88.04008
88.53703
88.9044
89.28788
89.53624
89.78437
90.03308
90.52991
90.91087
91.27535
91.55145
92.03654
92.5335
92.91444
93.27893
93.52741
93.77589
94.02505
94.53824
94.90284
95.28401
95.53203
96.02679
96.54044
96.90504
97.2861
97.65197
98.0328
98.28116
98.52964
98.91093
99.27829
99.52666
100.0401
100.5372
100.902
101.2824
101.5309
101.7794
102.0286
102.5255
102.9059
103.2871
103.5358
104.033
104.5303
104.9109
105.2755
105.5238
105.789
106.0376
106.5347
106.9014
107.2793
107.5275
108.0247
108.5373
108.9017
109.2829
109.5313
109.7799
110.0283
110.5257
110.9064
111.2795
111.5279
112.0252
112.5505
112.9043
113.2853
113.5339
114.0332
114.51
