0
0
0.999599
2.037816
3.081328
4.11828
4.645388
4.911243
5.172035
5.691892
6.218424
7.252383
7.779605
8.304411
8.826916
9.076658
9.351606
9.858803
10.12581
10.38441
11.43161
11.95676
12.4788
12.99855
13.25485
13.52174
14.04321
14.56801
15.60324
16.13276
16.64468
17.69418
18.73309
19.25743
19.78235
20.30589
20.82114
21.34399
21.60789
21.86523
22.38233
22.91703
23.94731
24.48523
24.99301
25.52299
25.77757
26.03951
26.56639
26.81567
27.07681
28.12435
28.65502
29.16337
29.68484
29.94989
30.2055
30.73687
31.2596
32.30703
32.81744
33.34478
34.39117
35.43721
35.95604
36.48176
37.5178
39.60079
40.64706
41.6923
42.73167
43.77081
45.08202
45.33752
45.60705
45.86911
46.64101
46.90088
47.68913
47.95199
48.73966
48.99873
49.52296
49.77534
50.03476
50.82369
51.09887
53.43103
53.68872
53.95687
54.20581
54.99475
55.24967
56.03043
56.29733
57.0858
57.34935
57.8707
58.13104
58.37951
59.17317
59.43925
60.47126
60.72848
61.24903
61.51546
62.29323
62.56254
63.08711
63.33605
63.60294
64.13431
64.64197
65.16666
65.68456
66.21638
66.73901
67.26369
67.5116
67.77423
68.3003
68.56823
68.82465
69.34784
69.85677
70.3818
70.90488
71.42646
71.69531
71.95322
72.47481
73.00088
73.52396
74.03369
74.557
75.08261
76.13199
77.16457
77.69041
78.21936
78.72897
79.25298
80.03305
80.29959
80.82382
81.34702
82.12019
82.38615
82.91349
83.43772
84.20859
84.47571
85.25452
85.50875
86.30114
86.55756
87.08109
87.60509
88.37953
88.64193
89.16513
89.68913
90.46506
90.74001
91.51709
91.77328
92.56762
92.82254
93.60031
93.86514
94.6
