0.64
1.248
1.8133
2.3466
2.9227
3.4666
4.5653
5.1627
5.7493
6.336
6.912
7.4987
8.0427
9.1627
9.76
10.3466
10.9227
11.488
12.064
12.6293
13.76
14.336
14.88
15.4666
16.0427
16.6507
16.9707
17.2266
18.304
18.9013
19.488
19.7653
20.0746
20.6293
20.896
21.184
21.4613
21.792
22.9227
23.2
23.52
23.776
24.0427
24.64
25.2266
25.7493
26.3253
27.4987
28.064
28.6293
28.896
29.184
29.7387
30.0373
30.3146
30.6133
30.8907
32.0107
32.6293
33.2053
33.8027
34.368
35.52
36.672
37.216
37.4613
37.7813
38.4
38.944
39.5093
39.776
40.0213
41.1413
41.728
42.304
42.8587
43.4666
44.0427
44.6293
45.8027
46.3893
46.912
47.4666
47.7973
48.0533
48.6293
48.896
49.1627
50.3573
50.9333
51.5093
52.0213
52.6293
52.96
53.2266
53.5146
53.76
54.9333
55.52
56.096
56.384
56.6507
57.2587
57.568
57.856
58.1333
58.3893
59.5307
59.84
60.1387
60.448
60.704
61.2587
61.8027
62.4213
63.04
64.1493
64.7146
65.28
65.5893
65.8773
66.4213
66.72
67.008
67.3066
67.5733
68.704
69.2693
69.8666
70.4213
70.9866
71.5307
72.16
73.248
73.792
74.3893
74.6773
74.976
75.5307
76.096
76.6613
76.9493
77.248
77.7813
78.08
78.3893
78.6773
78.944
79.2213
79.52
79.776
80.0533
80.352
80.6293
80.9387
81.2266
81.8133
82.3893
82.9227
83.5093
83.7866
84.064
84.6827
85.2587
85.8133
86.08
86.3893
86.9866
87.2533
87.5413
87.8613
88.1066
88.416
88.6827
88.9387
89.2373
89.5146
89.8133
90.0907
90.368
90.6666
90.976
91.2427
91.5627
92.1387
92.672
92.96
93.2693
93.856
94.1333
94.4
94.688
94.9866
96.128
96.4266
96.6933
96.9707
97.2693
97.8346
98.3893
98.976
99.5413
100.6613
101.2587
101.824
102.1013
102.3893
102.9547
103.2533
103.5413
103.8507
104.1173
105.2266
105.8346
106.4107
106.9653
107.5093
108.1066
108.704
109.3333
109.8666
110.432
111.0293
111.584
