3.0249
4.5324
6.04
7.5314
8.5251
9.0314
10.0255
10.5389
11.5331
11.7814
12.0301
13.0405
13.289
13.5375
14.5315
15.0284
16.039
16.5362
17.5305
18.0273
19.0377
19.5346
20.5287
21.0258
22.0368
22.5332
23.5272
24.041
27.0394
28.0333
28.5307
29.5314
30.0286
30.2769
30.5255
30.7907
31.039
31.2876
31.536
32.5303
33.027
34.0376
34.286
34.5348
35.2802
35.5289
35.7771
36.0258
36.2908
36.5393
36.7881
37.0362
37.2847
37.5332
38.5273
39.0408
40.0352
40.5319
41.526
42.0395
43.0334
43.2822
43.5306
44.5246
45.0385
46.0321
46.5291
47.5397
48.0367
50.5289
51.0256
52.0362
52.5332
53.5272
54.0408
54.5378
55.0348
55.5319
56.0288
56.5258
57.0395
57.5365
58.0334
58.5305
59.0275
59.5409
60.038
61.5955
63.1527
64.727
65.7534
66.2504
67.8077
69.3813
70.9136
71.9406
72.471
73.4979
74.0282
75.0716
75.5688
76.5957
77.1263
78.153
78.6831
79.1966
79.727
80.2239
80.7539
81.2509
81.7809
82.8079
83.0564
83.338
84.8788
85.4089
85.9057
86.4362
86.6843
86.9661
87.4633
87.993
88.5067
89.0369
89.5337
89.8156
90.0637
90.5608
91.6287
92.1588
93.1859
93.716
94.7762
95.0246
95.3063
95.5548
95.8367
98.0562
99.1329
99.6631
100.7234
101.7837
102.032
102.3137
102.5621
102.8439
103.0925
103.3738
103.9042
104.4345
105.4947
106.0245
107.1013
107.8798
108.1614
108.4099
108.6583
108.9402
109.2216
109.4701
109.7518
110.2818
110.8122
111.8722
112.0379
112.2104
112.4094
113.4696
113.6185
113.8173
113.9996
115.0598
115.2254
115.4076
115.5899
116.617
117.1636
118.2569
118.7873
119.9632
121.0897
124.1717
