0.0084
0.0084
1.4949
2.4547
4.0707
4.5545
5.0342
6.6509
7.6185
9.2384
9.7225
10.2069
10.8507
11.1666
11.8146
12.7788
14.3944
14.8744
15.3663
16.3345
16.978
17.9427
18.9176
19.5586
20.0342
20.534
20.85
21.1741
21.4901
22.1425
22.7899
23.4342
23.7507
24.7143
25.3664
26.0146
26.3265
27.2936
27.9504
28.5863
28.9181
29.5619
29.8742
30.3581
30.8541
32.4696
32.7856
33.1104
33.4301
33.7502
34.0703
35.0459
35.3612
36.0102
36.33
36.6617
37.6258
38.2621
38.9097
39.2296
39.882
40.1982
40.6822
41.1696
42.7895
43.746
45.3656
45.8534
46.3297
47.9501
48.9094
50.5218
51.0097
51.4974
53.1095
54.0778
55.6897
56.1655
56.6614
57.6175
58.2654
59.2371
60.8534
61.3297
61.8096
62.7893
63.4334
64.0775
64.7249
65.0412
65.3654
66.0054
66.3332
66.6493
67.2928
67.6169
67.9454
68.5852
69.2329
69.8856
70.2054
70.5254
71.1693
71.8173
72.4651
72.7841
73.105
73.4245
73.7532
74.4011
75.0409
75.3567
75.6851
76.3371
76.6529
76.9728
77.621
77.9492
78.2691
78.9161
79.5611
80.2051
80.5324
80.8566
81.4885
81.9798
82.7925
83.1087
83.4247
83.7573
84.0769
85.6808
86.661
88.2727
89.2325
90.8562
91.8125
93.4326
94.3966
96.0086
96.9723
98.5844
99.5523
101.1638
102.1404
103.7482
104.2322
104.7282
105.0439
106.0124
106.3324
107.2962
107.616
107.9443
108.2684
108.5844
109.2361
109.8804
110.2004
111.1678
111.4919
112.4601
112.784
113.0999
113.4321
113.756
114.396
115.0438
115.3599
116.3361
116.6522
117.6199
117.9401
118.2681
118.5955
118.9079
119.5604
120.2
120.5277
121.4877
121.8203
122.7876
123.1112
123.4321
123.7518
124.0761
125.3639
126.012
126.6636
127.3038
127.9435
128.584
129.2274
129.8799
130.5197
131.1631
131.8157
132.4596
133.0996
133.7517
134.3997
135.0348
135.6916
136.3316
136.9757
137.6236
138.2638
138.9113
139.5597
140.2036
140.8517
141.4955
142.1396
142.783
143.4234
144.0755
144.7154
145.3634
146.0074
146.663
147.3031
147.9472
148.5872
