1.113938
2.175885
2.574115
3.237832
4.299778
5.361725
6.423672
6.821902
7.485619
9.078539
9.609513
10.67146
11.06969
11.73341
12.79535
13.8573
14.91925
15.31748
15.98119
18.5
18.65044
18.81194
18.92035
19.16703
19.43252
20.75995
20.8396
20.93031
21.24004
22.79978
22.90044
23.06194
23.41482
23.68031
24.21128
24.74225
25.27323
25.5
27
27.15044
27.29978
27.40044
27.66261
27.92809
29.25
29.32964
29.44026
29.73009
31.29977
31.40044
31.56968
31.91039
32.17588
32.70685
33.20021
33.75995
33.99999
34.56526
34.83075
35.09623
35.89269
36.42366
37.22012
38.01659
39.34402
40.14048
40.67145
41.20242
41.73339
42.26437
42.52985
43.06083
43.32631
43.5918
44.38826
44.91923
45.71569
46.51215
47.30861
47.5741
47.83959
48.63605
49.16702
50.22897
50.49445
50.75994
51.02543
52.08738
52.61835
52.88384
53.14933
53.6803
53.94579
54.21128
54.99999
55.13052
55.26991
55.39048
55.50994
55.80419
56.06968
56.33517
56.86614
57.13163
57.39712
57.92809
58.19358
58.45906
59.24999
59.38053
59.51991
59.64048
59.75995
60.05198
60.31747
60.47013
60.84845
61.11393
61.37943
61.64491
62.06969
62.97234
63.23783
63.50332
63.76881
64.20022
65.09624
65.36172
65.62721
65.8927
66.29979
66.95465
67.22014
67.35288
68.0166
68.28209
68.41483
68.9
