0.9031
2.24
2.6881
4.0225
4.4618
5.353
5.7983
6.2328
6.6856
7.1233
7.5774
8.016
9.3472
9.8016
11.1258
11.5797
12.47
12.9071
13.3461
13.7881
14.2447
14.6871
15.122
16.0121
16.4717
16.9077
18.2395
18.6755
19.5653
20.0131
20.4492
20.897
21.3331
21.7809
22.2405
23.1186
23.5782
24.0202
24.3266
25.3519
25.8115
26.2535
26.6895
27.1374
27.5794
28.039
28.481
28.9288
29.3826
30.2665
30.7084
31.1681
32.4939
32.93
33.8256
34.2735
34.7095
35.1515
35.5876
36.0295
36.4892
36.778
37.1021
37.3732
38.2453
39.1351
39.4415
39.7479
40.019
40.9147
41.7986
42.7002
43.5782
44.026
45.3696
45.8056
46.7013
47.1492
47.5911
48.9229
49.3649
49.801
50.243
50.685
51.1446
52.4764
52.9184
53.7905
54.2443
54.539
56.0122
56.466
56.9021
57.3441
57.7801
58.2221
59.5539
59.9959
60.8916
61.3336
61.7815
63.1192
63.5671
64.0149
64.4569
64.8989
65.3409
66.6609
67.1147
67.9986
68.4465
68.7589
70.2439
70.6917
71.116
71.5639
72.0118
74.982
75.2827
75.5596
76.9032
77.3453
78.5474
78.8538
79.1367
80.4567
80.9106
81.5234
81.7945
82.0892
82.3956
82.6784
83.5742
84.0103
84.4463
84.7645
86.2437
86.6915
87.1394
87.5814
88.0235
88.4714
88.9016
89.3377
89.7855
91.1291
91.5652
92.7555
93.062
93.3449
94.6767
95.1245
95.7374
96.0085
96.3267
96.6214
96.8924
97.3344
97.7941
98.2184
98.6663
99.1142
99.5563
100.0159
100.4461
100.8941
101.3361
101.7958
102.2318
102.6798
103.1218
103.5639
104
104.4538
104.9078
105.338
105.7859
106.0925
106.6759
107.1238
107.5541
108.0021
108.45
108.8919
109.3398
109.6345
110.2121
110.666
111.1139
111.5618
111.9921
112.4517
112.8878
113.2003
113.7659
114.2139
114.65
115.1038
115.5398
115.9877
116.4356
116.7421
117.7675
118.2154
118.6514
