0.48
1.2266
2.0053
2.272
2.5066
2.752
3.2853
3.5307
3.7653
4.0107
4.2773
4.7893
5.0453
5.792
6.0373
6.2933
6.5493
7.2853
7.7653
8.0213
8.2453
8.512
8.7466
9.0027
9.5146
9.7813
10.016
10.2827
10.5493
11.008
11.5307
11.7973
12.0427
12.288
12.544
13.2693
14.016
14.272
14.5066
14.7733
15.2853
15.52
15.7653
16.0107
16.2666
16.768
17.0453
17.7493
18.0053
18.272
18.5493
19.3066
19.7866
20.0107
20.2453
20.48
20.7573
21.2373
21.504
21.7493
21.9946
22.272
22.7733
23.008
23.552
23.776
24
24.224
24.48
24.9707
25.4827
26.016
26.5173
27.0293
27.5307
28.0427
28.5333
29.024
29.504
30.048
30.2933
30.5173
31.264
32.0213
32.256
32.512
32.8
33.3013
33.568
33.792
34.0587
34.3253
34.784
35.04
35.7866
36.0427
36.2773
36.5546
37.3013
37.8027
38.0053
38.2507
38.4853
38.7307
39.008
39.5413
39.7653
40.0427
40.2987
40.544
41.0453
41.504
41.7493
41.984
42.496
43.2853
43.7547
43.9787
44.224
44.48
44.768
45.3013
45.5253
45.76
46.016
46.2933
46.7946
47.04
47.5413
48.032
48.256
48.5013
49.2907
49.7813
50.0053
50.2507
50.496
50.7413
51.008
51.5307
51.776
52.032
52.2773
52.5546
53.0453
53.536
53.7813
54.0053
54.2613
54.4853
55.2533
56
56.736
57.0453
57.3333
58.272
58.5173
58.7733
59.008
60.2666
60.5227
61.28
62.0053
62.7627
62.9973
63.2533
63.5413
64.768
65.0346
66.016
66.272
66.5173
67.776
68.0427
69.536
70.272
70.5173
70.784
71.008
72.256
72.5227
73.5253
73.792
74.0266
74.784
75.04
75.2853
75.5307
76.768
77.0346
78.0373
78.304
78.5493
79.52
79.7866
80.0533
81.024
81.2907
81.536
82.2827
82.5387
82.7946
83.0507
83.5413
83.7653
84.0213
84.2453
84.5013
85.2587
85.5253
85.76
86.0053
86.5066
86.7626
86.976
87.232
87.4773
88.256
88.5227
88.7573
89.024
89.5253
89.7707
90.0373
90.272
90.56
90.8266
91.0507
91.2853
91.5093
91.7546
91.9893
92.2346
92.4907
92.768
93.0346
93.312
93.5573
94.304
95.0613
95.2853
95.5093
95.7546
96.288
96.544
97.2373
98.0266
98.2933
98.528
98.784
99.2853
99.552
100.2773
101.0346
101.2907
101.5466
101.792
102.2933
102.5387
103.3066
104.0853
104.3307
104.5653
104.7893
105.2587
105.5253
105.7707
106.0373
106.2827
106.496
106.7626
107.0187
107.7653
108.5333
108.7893
109.0346
109.2907
109.7813
110.0266
