1.9746
2.3359
2.6972
3.0585
3.4198
3.7811
4.1424
4.5037
4.865
6.7017
6.8823
7.0329
7.3942
7.7555
8.1168
8.4781
8.8394
9.2007
9.5621
9.9234
12.0912
12.8138
13.5365
13.8978
14.2591
14.6204
14.9817
15.343
15.7043
16.0656
16.4269
16.7882
17.1496
17.5109
17.8722
18.9561
19.1368
19.3174
19.6787
20.04
20.4013
20.7627
21.124
21.4853
21.8466
22.2079
23.6832
24.4059
25.0984
25.4597
25.821
26.1823
27.6577
27.8383
28.019
28.7115
28.8921
29.0728
30.5481
30.9094
31.6321
32.3547
32.716
33.0773
33.4386
33.7999
34.5225
35.2451
35.9678
36.3291
36.5097
36.6904
37.0517
37.413
37.7743
39.2196
39.4002
39.5809
40.3035
40.4841
40.6648
41.3874
41.7487
42.11
42.4713
43.194
43.9166
44.6392
45.3618
45.7231
46.0844
46.4457
47.1684
47.349
47.5297
47.891
48.2523
49.3362
49.5169
49.6975
50.0588
50.2395
50.7815
51.1428
52.2267
52.4073
52.588
52.9493
53.13
53.6719
54.0332
55.1172
55.2978
55.4785
55.8398
56.0204
56.5624
56.9237
58.0076
58.1883
58.369
58.7303
58.9109
59.4529
59.8142
59.9948
60.3562
60.8981
61.0788
61.2594
61.8014
62.3434
62.7047
62.8853
63.2466
63.7886
63.9692
64.1499
64.6919
65.2338
65.5951
65.7758
66.1371
66.6791
66.8597
67.0404
67.5823
68.1243
68.4856
68.6663
69.0276
69.5695
69.7502
69.9309
70.4728
70.8341
71.0148
71.1954
71.3761
72.0987
72.7912
73.3332
73.8751
74.2666
74.9591
75.7118
75.8623
76.2237
76.6151
76.7957
76.9764
77.157
77.7291
78.4216
78.6023
78.7829
79.1442
79.5055
79.6862
79.8668
80.0475
80.74
81.4927
81.6433
82.0046
82.396
82.5767
82.7573
82.938
83.51
84.2025
84.3832
84.5639
84.9252
85.2865
85.4671
85.6478
88.7189
90.134
90.4954
90.676
91.0373
91.6094
92.332
92.6933
93.0245
93.2052
93.3858
93.5665
93.9579
94.4999
95.5537
95.915
96.457
97.029
97.3903
98.6549
98.8356
99.1969
99.5281
99.7087
100.3109
100.9733
101.7261
102.0874
102.268
102.6293
103.1713
103.8939
104.5864
104.7671
104.9477
105.1284
105.5198
106.0919
106.7543
107.507
107.8683
108.049
108.4103
108.9522
109.6749
110.3674
110.548
110.7287
110.9093
111.3007
111.8427
112.3546
117.3226
117.3226
117.3226
117.3226
117.3226
117.3226
117.3226
117.3226
117.3226
117.3451
117.3451
117.3451
117.3451
117.3451
117.3451
117.3451
117.3451
