1.0197
2.3307
3.6267
4.9219
6.2727
7.5146
8.1653
8.7893
10.0751
11.3653
13.968
14.9415
15.6
16.1997
17.8095
19.1233
20.4
21.0476
21.696
24.288
25.5624
26.8299
29.4613
30.7249
31.3633
32.0201
34.6106
35.9307
37.1667
37.4611
37.7556
38.05
39.7778
40.0853
40.4053
40.7307
42.35
42.6556
42.9546
43.264
44.9163
45.2188
45.5133
45.8263
47.504
47.84
48.1663
48.482
50.0686
50.3869
50.7106
51.0476
52.6739
52.9896
53.3265
53.629
57.8235
58.768
59.7549
60.7787
61.7049
61.9967
62.2905
62.608
62.9268
63.248
63.584
64.5952
64.8952
65.2048
65.5619
66.5493
67.4773
68.448
69.4143
69.7286
70.0524
70.3476
70.6666
70.9905
71.3429
71.6415
72.0095
72.3286
72.6952
72.992
73.3143
74.3143
75.2667
76.1762
77.2053
79.1398
80.1013
81.0429
81.9952
82.9476
83.9466
85.9253
86.9066
89.781
90.7571
91.7381
92.881
