1.875
3.515625
3.75
4.453125
5.15625
5.625
6.796874
7.031249
7.499999
8.906249
9.375
11.01563
11.25
12.89063
13.125
14.17969
14.41406
14.76563
16.875
17.46094
18.28125
18.51563
18.75
20.15625
20.39063
20.625
20.97656
21.32813
21.79688
23.20313
23.67188
23.90625
24.25781
24.375
25.46875
25.78125
26.25
26.45508
26.57227
26.83594
26.95313
27.27539
27.65625
27.89063
29.29688
29.53126
29.76563
30.00001
31.87501
32.34376
33.04688
33.75001
34.92188
35.62501
36.09376
36.79688
37.50001
38.67189
39.37501
39.84376
40.54689
41.25001
42.42189
43.12501
43.59376
44.29689
45.00001
46.17189
46.87502
47.22657
47.34376
47.57814
47.81251
48.16407
48.28126
48.51563
48.75001
49.10157
49.21875
49.45313
49.6875
50.03907
50.15625
50.39063
50.625
50.97656
51.09375
51.32813
51.5625
51.91406
52.03125
52.26562
52.5
52.85155
52.96874
53.20312
53.43749
53.78905
53.90624
54.14061
54.37499
54.60936
54.72655
54.84373
55.07811
55.31248
55.54686
55.66405
55.78123
56.01561
56.24998
56.48436
56.60154
56.71873
56.95311
57.18748
57.42186
57.53904
57.65623
57.8906
58.12498
58.59373
59.29685
59.99998
60.7031
60.93747
61.17185
61.40622
61.87497
62.34372
62.81247
63.16403
63.51559
64.45309
64.68746
64.92184
65.1562
65.39058
65.62495
66.0937
66.32807
66.56244
66.914
67.26556
68.20306
68.43744
68.67181
68.90618
69.14055
69.37492
69.84367
70.31242
70.66399
71.01554
71.95304
72.18742
72.42179
72.65616
72.89053
73.1249
73.59365
73.82803
74.06239
74.41396
74.76552
75.70302
75.93739
76.17176
76.8
