0
0
0.016688
0.016688
1.056632
1.557845
2.06251
2.516651
3.020395
3.765366
3.960212
4.225377
4.472588
4.705528
4.950208
5.605409
5.882083
6.57653
6.872654
8.761379
9.264203
9.717999
10.20045
10.68037
11.38978
11.66105
11.88006
12.1267
12.33455
12.62791
13.354
13.58004
14.27817
14.55369
16.44092
16.94006
17.39674
17.87343
18.38489
19.11329
19.35233
19.57272
19.79634
20.06197
20.29191
21.00432
21.26476
21.93239
22.2002
24.12024
24.64792
25.07409
25.55712
26.06156
26.76153
27.04637
27.24214
27.48808
27.74485
27.95604
29.15722
29.4042
29.63599
29.9236
31.82533
32.30801
32.78471
33.26394
33.74432
34.44015
34.7014
34.95275
35.18535
35.42025
35.63949
36.36398
36.64479
36.87347
37.11275
37.32014
37.55664
39.47587
39.95395
40.43778
40.95603
41.42225
42.14466
42.39579
42.63149
42.86455
43.07781
43.32387
44.04352
44.28129
44.99818
45.23331
46.2317
46.71324
47.1935
47.64005
48.1171
48.6244
48.84756
49.10375
49.82743
50.06451
50.31587
50.51187
50.78083
51.00007
51.74435
51.9812
52.70166
52.95636
53.90031
54.38024
54.83277
55.34388
55.83255
56.32489
56.79515
57.47222
57.76489
57.99587
58.23583
58.44368
58.68733
59.90083
60.15931
60.40733
60.65949
62.5
