1.900937
2.40143
2.911706
3.353306
3.863604
4.60943
4.844937
5.07064
5.306168
5.561306
5.796834
6.473963
6.758537
7.514168
7.788938
9.624035
10.12451
10.60537
11.10584
11.59651
12.36196
12.58767
12.80356
13.0489
13.26477
13.54937
14.2265
14.47183
15.15876
15.4139
17.3275
17.80836
18.29903
18.7995
19.28036
20.00654
20.22243
20.44814
20.67384
20.929
21.16451
21.94957
22.15567
22.80334
23.07811
25.00153
25.502
25.9338
26.43427
26.92494
27.65113
27.9259
28.1516
28.40676
28.6521
28.89743
30.0652
30.2909
30.53624
30.77177
32.69517
33.23491
33.67651
34.177
34.64804
35.31533
35.56067
35.7962
36.03171
36.27704
36.52237
37.23877
37.4841
37.7196
37.96494
38.20047
38.4556
40.3594
40.84024
41.3211
41.82158
42.31224
43.0188
43.24451
43.47023
43.6763
43.902
44.15717
44.89317
45.11887
45.81561
46.08057
47.10116
47.55257
48.00397
48.44557
48.94606
49.44654
49.69187
49.97647
50.75171
50.97743
51.19331
51.41903
51.65454
51.89006
52.63587
52.86158
53.58777
53.8233
54.80463
55.25603
55.7467
56.24718
56.72803
57.16964
57.6505
58.28836
58.56313
58.77903
59.04397
59.25006
59.48558
60.80056
61.02627
61.2618
61.50713
63.388
