1.811179
2.105578
2.265578
2.412789
2.707188
3.001587
3.302381
3.609592
3.910385
4.051179
4.19839
4.511995
4.8
5.094399
5.401587
5.702381
5.830386
5.990386
6.303991
6.572789
7.91678
8.767982
9.228798
9.375986
9.574399
9.855987
10.1632
10.46399
10.76478
11.06558
11.34719
11.64159
11.94238
12.24959
12.55678
12.85118
12.97279
13.12
13.44
13.74079
14.18238
14.32959
15.21918
15.52639
15.68
15.82719
15.96159
16.11519
16.97918
17.90079
18.47038
18.63039
18.81599
19.69918
19.9744
20.28159
20.56959
20.86399
21.18399
21.472
21.77279
22.22079
22.36159
22.67519
22.80959
22.93118
23.09118
23.21918
24.14719
25.03039
25.64478
25.792
25.92
26.80959
27.11678
27.4112
27.712
28.0064
28.30079
28.60159
28.88959
29.1776
29.48479
29.792
30.09279
30.3744
30.67519
30.98238
31.27039
31.552
31.8464
32.15358
32.47358
32.62719
32.75519
32.91519
33.04959
33.3632
33.50399
33.64478
33.7856
33.92
34.24
34.41279
34.56
34.68798
34.82238
35.11678
35.43039
35.73759
36.01918
36.31358
36.62079
36.9088
37.22238
37.50399
37.7856
37.9264
38.08
38.3744
38.6688
38.97599
39.2768
39.56479
39.7056
39.87199
40.16
40.46079
40.76798
41.05598
41.3568
41.4912
41.63839
41.9456
42.23358
42.6944
42.8544
43.73759
44.62079
44.94079
45.08798
45.2288
45.55519
45.82399
46.112
46.4
46.70079
47.00798
47.32798
47.61599
47.90399
48.19199
48.49279
48.64639
48.8
49.10079
49.3824
49.52959
49.68959
49.99039
50.2912
50.43839
50.592
50.88
51.16159
51.32159
51.45599
51.74399
52.0576
52.20478
52.36478
52.65918
52.94719
53.0944
53.2544
53.5424
53.8432
54.00959
54.15039
54.2912
54.432
54.71358
55.2
