1.0323
2.1133
2.6489
3.1456
3.6422
5.2004
5.7361
6.2522
6.7586
7.304
7.8494
9.3881
9.9432
10.4593
11.2384
11.5014
12.0078
13.566
14.1016
14.6177
15.1241
15.65
16.1856
16.6921
16.9258
17.1985
17.4614
17.7244
19.302
19.8474
21.4153
21.9217
22.954
23.9961
25.3108
25.5737
25.8464
26.0704
27.6773
28.1837
30.2775
33.4426
33.6373
33.91
34.173
34.4456
35.4877
36.0136
36.5589
37.0361
37.5815
38.1171
38.6235
39.1494
39.6558
39.9383
40.2012
40.4836
40.7368
41.2432
42.782
43.3078
43.8435
44.9439
45.4503
45.986
46.4729
46.989
47.5052
47.9921
48.5375
48.8199
49.0829
49.6088
50.6313
51.1377
52.7056
53.2315
54.7897
55.0527
55.3546
55.8415
56.9128
57.4192
58.5975
58.8897
59.1916
59.474
59.922
60.5063
60.9933
61.5386
62.0742
62.5904
63.1163
63.6324
64.1681
64.6842
65.2296
65.7457
66.2521
66.7878
67.3331
67.8493
68.3752
68.901
69.6801
69.9528
70.4495
70.9559
71.4721
72.0077
72.5433
73.0595
73.5756
74.0918
74.6176
76.1563
77.2471
77.773
78.2599
80.344
80.8796
81.386
81.9216
82.4281
84.5316
85.0478
85.5736
86.3625
86.6352
87.6869
88.2031
88.7192
89.2256
89.7321
90.7838
91.8454
92.118
92.3615
92.6439
93.8807
94.4261
94.9715
95.4779
97.0555
97.2893
97.562
97.8346
98.0781
98.6235
98.8669
99.1396
99.6655
100.1622
100.6881
101.2529
101.7398
102.2268
103.0059
103.298
103.8142
104.3401
104.8562
105.3723
105.908
106.4339
106.9695
107.213
107.4856
108.0018
108.8004
109.0341
109.3263
109.5502
111.1474
111.6441
113.2412
113.7476
114.7604
115.7927
116.0654
116.3381
116.6108
116.8835
117.1172
117.3996
117.6431
117.8865
119.5129
120.0875
122.1229
125.21
125.4924
125.7554
126.0086
126.2618
126.7877
127.3136
127.8395
128.3556
128.8815
129.4561
129.9138
130.167
130.4299
130.9753
131.5109
132.2316
133.0399
