1.128217
1.677652
1.943393
2.075975
2.768466
3.304205
3.719101
4.667549
4.949172
5.081754
5.495844
6.042517
6.307567
6.440149
7.119405
7.666078
8.080282
9.041161
9.306211
9.439138
9.852883
10.40289
10.67151
10.80409
11.48381
12.0306
12.44446
13.39244
13.67395
13.80653
14.22062
14.7673
15.03235
15.16493
15.86076
16.40743
16.80506
17.48432
17.89841
18.31411
18.57916
19.12733
19.39399
19.54315
20.2224
20.76907
21.16682
21.84711
22.26166
22.54294
22.67529
22.94218
23.48874
23.77036
23.90283
24.58266
25.11898
25.5333
26.21244
26.62676
26.89158
27.04073
27.30981
27.85683
28.12188
28.25515
28.95041
29.48787
29.89644
30.57696
30.99082
31.25587
31.40502
31.67387
32.22066
32.48571
32.61818
33.31412
33.86068
34.25831
34.93779
35.08683
35.35188
35.63397
35.76643
36.03125
37.12644
37.25879
37.54076
37.93816
38.21921
39.57864
39.85773
40.39428
41.48774
41.61998
41.90194
42.31569
42.58097
43.94328
44.2249
44.75799
45.85675
45.98921
46.27084
46.66951
46.95113
48.30964
48.57987
49.12654
50.21989
50.35247
50.63156
51.03322
51.31496
52.39725
52.53225
52.81411
53.07915
53.21128
53.49267
54.43709
54.72113
55.11876
55.41121
55.66751
56.62885
57.04259
57.30764
57.85443
58.80149
59.08312
59.49721
59.76318
60.02834
60.99486
61.39261
61.67435
62.22091
63.16533
63.44695
63.86092
64.12597
64.39252
65.35305
65.76875
66.03381
66.58059
67.54135
67.8064
68.22061
68.48624
68.75807
69.85591
69.98849
70.27011
70.95248
71.48338
71.76581
71.90611
73.12386
73.6657
74.08071
74.34645
74.62853
74.89565
75.02869
75.30975
75.85838
76.12457
76.25704
77.48861
78.03851
78.57424
78.85575
78.99098
79.26225
79.39483
79.66379
80.21024
80.4937
80.62605
81.85497
82.12347
82.4044
82.80388
83.08643
83.35136
83.62757
83.76038
84.04178
84.57452
84.85718
84.98965
86.22386
86.4888
86.75534
87.3034
87.45244
87.72163
87.98645
88.11926
88.40043
88.94353
89.21008
89.35877
90.5885
90.98959
91.12228
91.52958
91.81293
92.07798
92.36087
92.49322
92.75988
93.30782
93.57529
93.71167
94.94968
95.348
95.49762
96.02979
96.31142
96.44572
96.71066
96.84508
97.12751
97.67545
97.94165
98.07446
99.30246
99.57442
99.85869
100.2574
100.5415
100.8066
101.0734
101.2223
101.4889
102.0396
102.3044
102.437
103.1177
103.6665
104.2142
104.7624
104.9041
105.1755
105.4372
105.5749
105.8583
106.1268
106.406
106.5344
106.8083
107.0938
107.4856
107.7585
108.3098
108.5895
108.714
108.9935
109.4036
109.6852
110.4973
110.7681
110.906
111.164
111.4464
111.8505
112.1269
112.6641
112.9481
113.0768
113.3473
113.7651
114.0279
114.8567
115.117
115.2549
115.5333
115.8063
116.2253
116.4954
117.0346
117.3059
117.4353
117.7138
118.1174
118.3894
119.2087
119.4856
119.6299
119.9011
120.1778
120.5813
120.8444
121.3913
121.6682
121.8121
122.076
122.4885
122.7654
123.3
