0.541
1.2441
1.7129
2.416
3.1191
3.5879
3.8223
4.0566
4.291
4.9941
5.4629
5.6973
5.9316
6.166
6.8691
7.3379
7.5723
7.8066
8.041
8.7441
9.2129
9.4473
9.6816
9.916
10.6191
11.0879
11.3223
11.5566
11.791
12.4941
12.9629
13.1973
13.4316
13.666
15.541
16.9473
17.1816
17.416
18.8223
19.0566
19.291
19.9941
20.2285
20.6973
20.9316
21.166
22.5723
23.041
24.4473
24.6817
24.916
26.3223
26.5567
26.791
27.4942
28.1973
28.4317
28.666
29.9551
30.541
31.9473
32.1816
32.2988
32.416
33.8223
34.0566
34.291
34.9941
35.4629
36.166
36.2832
36.4004
38.041
38.1582
38.2754
39.4473
39.6816
39.7988
39.916
41.3223
41.5566
41.791
42.4941
42.7285
43.1973
43.4316
43.666
44.0176
44.3691
44.8379
45.0723
45.541
46.9473
47.416
47.6504
47.8848
48.8223
49.0566
49.291
49.9941
50.2285
50.6973
51.166
51.2832
51.4004
53.041
54.4473
54.6816
54.916
55.0332
55.1504
56.3223
56.5566
56.791
57.4941
57.7285
58.1973
58.666
58.7832
58.9004
60.541
61.2441
61.7715
62.0058
62.2402
62.416
63.1191
63.6465
63.8808
64.1152
64.291
64.7597
64.8769
64.9941
65.5215
65.7558
65.9902
66.166
66.8691
67.3965
67.6308
67.8652
68.041
68.5097
68.6269
68.7441
69.2715
69.5058
69.7402
69.916
70.3847
71.4394
72.2597
72.3769
72.4941
72.6113
73.1973
73.666
73.9004
74.1347
74.3691
74.6035
74.955
75.3066
75.541
76.2441
77.416
78.1191
78.3535
78.5878
78.8222
79.0566
79.2909
79.4081
79.5253
79.9941
81.1659
81.5175
81.8691
82.2206
82.5722
82.9238
83.0409
83.7441
84.2128
84.9159
85.0331
85.1503
85.8534
86.0878
86.3222
86.5566
86.7909
86.9081
87.0253
87.7284
87.8456
87.9628
89.1347
89.369
89.6034
89.7206
90.5409
91.4784
91.9472
92.4159
92.6503
92.8847
93.8222
94.0565
94.2909
94.994
95.2284
95.6972
96.1659
96.2831
96.4003
98.0409
99.4472
99.6815
99.9159
100.0331
100.1503
101.3222
101.5565
101.7909
102.494
102.6112
102.7284
103.1971
103.6659
105.0721
105.3065
105.5409
106.244
106.3612
106.4784
106.9471
107.4159
107.6503
108.3534
108.7049
109.0565
109.2909
109.4081
