1.2324
1.6168
2.0173
2.4337
2.8336
3.2329
3.6659
4.0996
4.5335
4.9836
5.3992
5.8379
6.2851
7.9999
8.3845
8.8149
9.2488
9.6669
10.1016
10.5329
10.9591
11.3939
11.8181
12.2488
12.6659
13.1066
14.7664
15.1923
16.0167
16.4667
16.8994
17.7486
18.1897
18.6207
19.4696
19.9073
20.1231
20.339
20.5546
20.7708
21.1908
21.6188
22.0511
22.9162
23.3318
23.7716
24.6198
25.0534
25.4844
26.315
26.7386
26.9573
27.1737
27.3731
27.5938
28.0191
28.4441
28.8778
29.3087
29.7395
30.1699
30.6043
31.0187
31.4578
31.8717
32.3047
32.7346
33.1665
33.5976
35.3143
35.7316
36.1652
36.5988
37.031
37.4494
37.8789
38.3107
38.7416
39.1628
39.5944
40.0162
40.4495
42.1642
42.5891
43.4533
43.885
44.3044
45.169
45.5846
46.0185
46.8828
47.315
47.5321
47.7338
47.949
48.1631
48.5997
49.0153
49.4519
50.3024
50.7335
51.1672
52.0159
52.4596
52.8902
53.741
54.1567
54.3741
54.5927
54.8123
55.0275
55.4606
55.8767
56.308
57.1731
57.5942
58.0248
58.8735
59.3078
59.7296
60.5924
61.0269
61.4574
62.7404
63.176
63.5915
64.0241
64.4577
64.8813
65.3123
65.7284
66.1613
66.5953
67.0289
67.4441
67.8791
68.1039
68.3015
68.5257
68.7285
69.1612
69.385
69.5861
70.0189
70.4409
70.8733
71.3119
71.7424
72.1606
72.5933
73.0262
73.442
73.8758
74.3089
74.7409
74.9457
75.1705
75.3862
75.6023
75.8205
76.0257
76.227
76.4487
76.8842
77.7447
78.1692
78.5998
79.4588
79.8838
80.3113
81.16
81.5963
81.8132
82.0285
82.23
82.4448
82.8783
83.311
83.7277
84.5946
85.0283
85.4604
86.3108
86.7433
87.1597
88.0294
88.4486
88.6639
88.8793
89.0981
89.2993
89.729
90.1622
90.5995
91.4457
91.878
92.312
93.1698
93.5961
94.0286
94.8829
95.2979
95.5162
95.7339
95.9515
96.1629
96.5959
97.0297
97.4458
98.2968
98.7308
99.163
100.0286
100.4467
100.8814
101.897
102.7493
102.8249
