1.7759
3.7818
5.8412
6.9719
9.9097
10.8209
11.6659
12.4775
13.5692
15.6234
17.9136
19.8685
22.0655
23.0265
26.0334
26.8782
27.7895
28.6316
29.692
31.6505
33.8108
34.7265
35.5085
36.2526
36.971
37.8136
38.7249
40.4948
41.3728
42.1215
42.9333
43.8762
45.8396
47.8212
48.6864
49.4983
50.2437
51.103
53.0629
54.0618
55.3191
56.3795
57.2245
58.0404
58.8757
59.787
60.1896
60.6866
62.5392
63.4751
64.2786
65.0573
65.933
68.0592
69.3694
70.8102
72.003
72.9639
73.9051
74.8161
75.976
76.6883
77.7744
78.7128
