2.6667
2.8333
3.1667
3.3333
3.6667
4
4.3333
4.5
4.6667
5.3333
5.8333
6
6.6667
7.3333
7.5
7.6667
8
8.1667
8.6667
9
9.3333
9.6667
9.8333
10
10.3333
10.6667
11.1667
11.3333
12
12.1667
12.3333
12.6667
12.8333
13
13.3333
13.8333
14
14.6667
15
15.3333
15.6667
16
16.5
16.6667
17.3333
17.6667
17.8333
18
18.6667
19.1667
19.3333
20
20.3333
20.6667
21
21.3333
21.8333
22
22.6667
23
23.3333
23.6667
24
25
25.3333
26
26.6667
27.3333
27.8333
28
29.3333
29.8333
30
30.3333
30.6667
31
31.3333
32
32.3333
32.6667
33
33.3333
34
34.3333
34.6667
37
37.3333
37.8333
38
38.3333
38.6667
40
40.5
40.6667
41
41.3333
41.6667
42
42.3334
42.6667
43
43.6667
44
45.3334
45.5
45.8334
46
46.3334
46.5
46.6667
47
47.3334
47.6667
48
48.1667
48.5
48.6667
49
49.1667
49.3334
49.6667
49.8334
50
50.6667
50.8334
51.1667
51.3334
51.6667
51.8334
52
52.3334
52.6667
52.8334
53
53.3334
53.8334
54
54.1667
54.3334
54.6667
54.8334
55
55.3334
55.5
55.6667
56
56.5
56.6667
57
57.6667
58
58.6667
59
59.1667
59.3334
59.6667
59.8334
60
60.6667
61.3334
61.6667
62
62.3334
63
63.3334
64
64.1667
64.3334
64.6667
64.8334
65
65.3334
66.6667
66.8334
67
67.1667
67.3334
67.6667
67.8334
68
68.3333
68.6667
68.8333
69
69.1667
69.3333
69.5
69.8333
70
70.3333
70.5
70.6667
71
71.3333
71.5
71.6667
71.8333
72
72.1666
72.3333
72.5
72.6666
73
73.1666
73.3333
73.6666
74
74.1666
74.3333
74.5
74.6666
74.8333
75
75.1666
75.3333
75.6666
75.8333
76
76.1666
76.3333
76.5
76.6666
76.9999
77.3333
77.4999
77.6666
77.8333
77.9999
78.3333
78.4999
78.6666
78.9999
79.3333
79.4999
79.6666
79.8333
79.9999
80.1666
80.3333
80.4999
80.6666
80.9999
81.1666
81.3333
81.6666
81.9999
82.1666
82.4999
82.6666
82.8333
82.9999
83.1666
83.3333
83.6666
83.8333
83.9999
84.3332
84.6666
84.8332
84.9999
85.1666
85.3332
85.4999
85.6666
85.8332
85.9999
86.3332
86.4999
86.6666
86.9999
87.3332
87.9999
88.1666
88.3332
88.4999
88.6666
88.9999
89.1665
89.3332
89.4999
89.6665
89.9999
90.1665
90.3332
90.4999
90.6665
91.9999
92.1665
92.3332
92.4999
92.6665
92.8332
92.9999
93.1665
93.3332
93.4999
93.6665
93.8332
