0
0
3.251
3.7441
4.0514
4.5939
4.8878
5.3831
5.6784
6.172
6.4101
6.9049
7.1992
7.6922
8.0462
8.5425
8.7872
9.2665
9.5209
10.0651
10.4083
10.8489
11.1452
11.6399
11.9338
12.431
12.7217
13.269
13.5228
14.0165
14.3095
14.8709
15.0982
15.5926
16.9174
17.1722
17.4175
17.9589
19.8325
20.321
20.6314
21.1133
21.4047
21.8968
22.2021
26.0922
26.6355
26.943
27.4324
27.7269
28.2212
28.5128
32.4671
32.9521
33.3121
33.8055
34.0437
34.5397
34.8482
35.8696
36.1113
36.3597
42.3301
42.5856
42.7813
43.2662
45.1025
45.6455
45.8917
46.4353
46.7215
47.2201
47.5158
51.4102
51.902
52.205
52.6978
52.9952
53.4872
53.7738
57.7286
58.2224
58.5182
59.0641
59.3011
59.8444
60.1057
62.7107
62.9553
63.2506
67.5056
67.7526
67.9894
68.5317
70.3095
70.8062
71.0921
71.6379
71.9424
72.4859
72.7677
73.814
74.0186
74.3133
76.7369
77.2147
77.5074
77.9515
78.2066
78.745
79.0472
80.1259
80.3192
80.6231
83.0391
83.477
83.7822
84.3251
84.5657
85.1109
85.4019
87.9801
88.2182
88.512
92.7036
92.9661
93.2098
93.8017
94.3466
94.5899
94.8831
95.9135
96.1572
96.411
96.9067
97.4994
97.7431
97.9976
99.0671
99.2793
99.5654
100.0582
100.66
100.8543
101.1461
102.1773
102.4335
102.6789
103.2112
103.7691
104.0068
104.2501
107.4548
108.5529
108.8001
109.0408
109.5848
110.1262
110.3181
110.6236
114.819
115.064
115.301
115.7974
116.3929
116.6322
116.8957
