0.6933
1.1413
1.408
1.7173
2.24
2.5173
2.7946
3.3066
3.5413
3.808
4.352
4.5973
4.8746
5.3973
5.6427
5.9093
6.496
6.752
6.9866
7.2427
7.4987
7.744
8
8.2666
8.512
8.7573
9.0453
9.5787
9.8346
10.0693
10.6027
10.848
11.136
11.6693
11.936
12.2133
12.7253
13.0027
13.248
13.76
14.0266
14.304
14.816
15.0827
15.3387
15.6373
15.872
16.1173
16.3627
16.64
16.9173
17.1733
17.44
18.1653
18.432
18.9546
19.2107
19.4987
20.0427
20.3093
20.5973
21.1093
21.3546
21.632
22.1546
22.4
22.6773
23.392
23.6373
23.9253
24.192
24.4693
24.7573
25.024
25.2693
25.5466
25.7707
26.144
27.0933
27.3493
27.6053
27.8613
29.1413
29.408
29.6746
29.9093
31.1787
31.456
31.7333
31.9573
33.3013
33.5573
33.8133
34.0373
34.2827
34.4
34.5707
35.392
35.6907
35.936
36.1813
37.472
37.7387
38.0053
38.2613
39.5733
39.808
40.0853
40.3413
41.6533
41.9307
42.1973
42.4427
42.688
42.8266
42.9653
43.7547
44.0213
44.2773
44.512
44.7573
44.9066
45.0453
45.8133
46.0907
46.368
46.6133
46.8907
47.008
47.1466
47.9253
48.2027
48.4373
48.6827
48.9387
49.0666
49.216
49.984
50.2293
50.5173
50.7413
51.0187
51.1466
51.2853
52.1173
52.352
52.608
52.8427
53.12
53.2587
53.3973
54.1866
54.432
54.6773
54.944
55.2107
55.328
55.4773
56.2773
56.5227
56.7573
57.0027
57.2693
57.4187
57.5573
59.3387
59.616
59.904
60.1387
60.416
60.672
60.9173
61.152
63.52
63.7973
64.096
64.3946
64.6507
64.9173
65.184
65.4293
67.7546
68.0213
68.3093
68.544
68.8107
69.0453
69.3333
69.568
72.192
72.4373
72.6933
72.96
73.216
73.4613
73.76
74.016
75.0827
75.3066
75.552
75.7866
76.0427
76.192
76.3093
77.088
77.3973
77.6533
77.8773
78.1546
78.3147
78.4426
79.1893
79.4666
79.712
79.968
80.2666
80.4053
80.5227
81.28
81.5573
81.824
82.0587
82.3466
82.464
82.6347
83.3813
83.6373
83.8933
84.1387
84.416
84.5546
84.6827
85.472
85.7387
85.9947
86.24
86.5066
86.6453
86.7733
87.5413
87.7973
88.0853
88.32
88.608
88.7466
88.8746
89.632
89.888
90.176
90.432
90.6773
90.8266
90.944
91.6373
91.7653
91.904
92.0107
92.1387
92.2773
92.3946
92.512
92.64
92.768
92.896
93.0346
93.1307
