4.2353
8.4706
10.5882
13.2353
13.7647
14.8235
15.8823
16.4118
16.9412
18
19.0588
20.1176
21.1765
22.2353
23.2941
24.3529
25.4118
26.4706
27.5294
28.5882
29.6471
30.1765
30.7059
31.7647
32.8235
33.3529
33.8824
34.1471
34.6765
34.9412
35.4706
35.7353
36.2647
36.5294
37.0588
37.5882
38.1176
38.3824
38.9118
39.1765
39.7059
39.9706
40.5
40.7647
41.2941
41.8235
42.353
42.6176
43.1471
43.4118
43.9412
44.2059
45
45.5294
46.0588
46.3235
46.5882
46.853
47.1177
47.6471
48.1765
48.4412
49.2353
49.7647
50.2941
50.8236
52.4118
54.5294
54.7941
55.0588
56.6471
58.2353
59.2941
60.8824
63
63.5294
67.7647
69.8824
71.4706
72
74.6471
75.1765
75.7059
76.2353
77.8236
78.8824
80.4706
82.0589
83.1177
87.353
88.4118
88.9412
91.5883
92.1177
92.6471
93.1765
94.7648
95.0295
95.2942
95.5589
97.4118
99.0001
99.2648
99.5295
100.0589
104.2942
105.353
105.8824
108.5295
109.0589
109.5883
110.1177
111.7059
112.7647
113.8236
114.353
115.9412
117
122.8236
124.4118
127.0588
128.6471
131.8236
132.353
133.4118
