4.6364
5.7273
6.5455
8.4545
9.5455
10.0909
10.3636
12.2727
13.3636
14.1818
16.0909
17.1818
17.7273
18
19.9091
20.4545
21.5455
22.3636
24.2727
25.3636
25.9091
26.1818
28.0909
29.1818
30
32.4545
33.5455
34.0909
34.3636
36.2727
36.8182
41.2007
42.3258
43.4507
44.5757
45.7007
46.8257
47.9507
48.7007
49.0757
50.2007
51.3257
52.4507
53.5757
54.7007
55.8257
56.9507
57.7007
58.0757
59.2007
60.3257
61.4507
62.5757
63.7007
64.8257
65.9507
66.3257
66.7007
67.0757
68.2007
69.3257
70.4507
70.8257
71.5757
72.7007
73.8257
74.9507
75.3257
75.7007
76.0757
77.2007
78.3257
79.4507
79.8257
80.5757
80.9507
81.7007
82.8257
83.5757
83.9507
85.0757
86.2007
86.9507
87.3257
88.0757
88.4507
89.5757
90.7007
91.0757
91.8257
92.2008
92.9507
93.3257
95.2007
95.5758
96.3258
96.7008
97.4508
97.8258
99.7008
100.0757
100.8258
101.2008
101.9508
102.3258
104.2008
104.5758
106.4508
107.5758
108.7008
109.0758
109.8258
110.2008
110.9508
111.3258
113.2008
113.5758
114.3258
114.7008
115.4508
115.8258
117.7008
118.0758
118.8258
119.2008
119.9508
120.3258
122.2008
126.7008
127.8258
128.9508
130.0758
130.4508
130.8258
131.2008
132.3258
133.4508
134.5758
134.9508
135.3258
135.7008
136.8258
137.9508
139.0758
139.4508
139.8258
140.2008
141.3258
142.4508
143.5758
143.9508
144.3258
144.7008
145.8258
146.5758
