1.0085
1.6903
2.3722
3.3949
3.7358
4.7585
5.0994
6.4631
6.804
7.1449
7.8267
8.5085
9.1903
9.5313
9.8722
10.2131
10.554
11.9176
12.5994
14.304
16.0085
17.3722
18.054
19.0767
19.7585
22.1449
22.8267
23.5085
24.1903
24.5313
25.2131
25.554
25.8949
26.2358
26.5767
28.2813
28.9631
29.6449
29.9858
30.6676
31.0085
31.6903
32.3722
33.3949
33.7358
34.4176
35.0994
35.4403
35.7813
36.1222
36.4631
36.804
37.1449
37.4858
37.8267
39.1903
39.5313
39.8722
40.2131
40.554
40.8949
41.2358
41.5767
41.9176
42.2585
42.5994
42.9403
43.2813
44.6449
45.3267
46.179
46.3494
46.5199
46.6903
46.8608
47.0313
47.2017
47.3722
48.054
48.7358
49.4176
50.0994
50.7813
51.6335
51.804
51.9744
52.1449
52.3153
52.4858
52.6563
52.8267
53.5085
54.1903
54.8722
56.2358
57.0881
58.2813
58.9631
59.304
59.6449
60.3267
61.0085
61.6903
63.7358
64.7585
66.4773
67.1591
68.5227
69.8864
70.5682
71.25
71.5909
71.9318
73.2813
73.9631
74.304
74.6449
75.3267
75.6676
76.0085
76.6904
77.0313
79.4176
80.0994
80.7813
81.4631
82.1449
82.8267
83.5085
85.554
85.8949
86.2358
86.5767
86.9176
87.2585
87.5994
87.9404
88.2813
90.2614
90.9432
91.6023
91.9375
92.2784
92.6193
92.9602
93.3011
93.642
95.6875
96.0284
96.3693
96.7102
97.0512
97.3921
97.733
98.0739
98.4148
98.7557
99.0966
100.4602
101.8239
102.5057
103.1875
104.5512
106.0085
106.3495
106.6904
107.0313
107.3722
