0.0115
0.0115
3.1624
4.0324
4.915
5.8154
6.6834
10.2796
11.1515
12.034
12.933
13.8179
17.4063
18.2745
19.1576
20.0287
20.9452
22.2779
22.5009
22.6903
24.0381
24.5052
25.8076
26.0389
26.2861
27.6311
28.0314
28.932
29.8122
30.7145
31.6035
32.4712
33.377
34.7199
35.1591
38.6921
39.5999
40.4677
41.8177
42.0335
42.2848
45.8085
46.7288
47.5953
48.0318
48.5011
48.9387
49.388
50.2568
51.1648
52.0267
52.9476
53.8148
55.5903
56.2496
56.4625
60.0324
60.9319
61.8168
63.1527
63.5689
64.0376
64.2871
64.5081
64.7228
64.9435
65.6004
65.8181
66.0331
66.2891
66.5076
66.7257
67.1574
68.025
68.94
70.2448
70.7254
71.1615
71.3843
71.5959
71.8151
72.0309
72.7212
72.9397
73.1534
73.3881
73.6057
73.8204
74.2559
75.1579
76.0267
76.934
77.814
78.2869
78.7224
79.1542
80.0725
80.5057
80.9436
81.8073
82.2923
82.7253
83.5904
84.0574
84.5622
85.0672
85.9983
86.9141
87.7842
88.6856
89.5709
90.5053
91.4642
91.9747
92.4753
93.4319
94.4072
95.8475
96.3073
100.0073
100.9328
101.8472
103.2596
103.4689
103.6929
104.1888
104.4059
104.6645
104.8844
105.0928
105.8066
106.0347
106.2561
106.5083
106.7228
106.9463
107.4119
108.3108
109.2226
110.1307
111.0312
111.9328
112.838
113.754
114.6598
115.5264
116.4448
117.343
117.8709
118.4641
118.9638
119.4329
119.905
120.4115
121.3162
122.0397
122.2806
