1.361
1.986
2.611
3.236
3.861
4.486
5.111
6.361
6.986
7.611
8.236
8.861
9.486
10.111
11.361
11.947
12.572
13.158
13.783
14.408
15.033
16.283
16.908
17.533
18.158
18.783
19.408
20.033
21.359
21.672
21.829
21.985
22.297
22.454
22.61
23.823
24.135
24.292
24.447
24.759
24.915
25.072
26.36
26.673
26.829
26.984
27.298
27.454
27.609
28.859
29.173
29.328
29.485
29.797
29.954
30.109
31.359
31.673
31.828
31.984
32.298
32.453
32.609
33.86
34.172
34.329
34.484
34.798
34.953
35.11
36.359
36.673
36.828
36.984
37.297
37.453
37.609
38.547
38.704
38.859
41.36
42.298
43.235
43.859
44.798
46.36
47.297
48.234
48.86
49.797
51.359
52.297
53.859
54.798
56.36
57.298
58.234
58.548
58.86
60.109
61.437
61.75
62.063
62.376
62.687
63
63.313
63.939
64.252
64.564
64.878
65.19
65.503
65.814
66.438
66.75
67.062
67.376
67.688
68.001
68.312
68.898
69.212
69.523
69.837
70.148
70.461
70.773
71.4
71.714
72.025
72.339
72.65
72.963
73.275
73.861
74.175
74.486
74.8
75.111
75.424
75.736
76.361
76.675
76.986
77.3
77.611
77.924
78.236
78.861
79.174
79.486
79.799
80.111
81.673
81.83
81.985
82.299
82.454
82.611
84.095
84.252
84.407
84.721
84.876
85.033
86.595
86.752
86.907
87.221
87.376
87.533
89.095
89.252
89.407
89.721
89.876
90.033
91.595
91.752
91.907
92.221
92.376
92.533
94.095
94.252
94.407
94.721
94.876
95.033
96.595
96.752
96.907
97.221
97.376
97.533
98.47
98.626
98.782
100.111
101.361
102.299
103.861
104.799
106.361
107.22
108.47
108.783
110.033
111.283
112.22
113.783
114.72
116.283
117.22
118.783
120.033
121.244
122.142
123.705
124.642
126.205
127.142
128.353
128.627
129.877
131.166
132.064
133.666
134.564
136.127
137.064
138.236
138.549
139.799
141.088
141.402
141.713
142.027
142.338
142.651
142.963
143.588
143.902
144.213
144.527
144.838
145.151
145.463
146.088
146.402
146.713
147.027
147.338
147.651
147.963
148.588
148.902
149.213
149.527
149.838
150.151
150.463
151.049
151.363
151.674
151.988
152.299
152.612
152.924
153.509
153.823
154.134
154.448
154.759
155.072
155.384
156.009
156.323
156.634
156.948
157.259
157.65
158.002
158.939
159.447
160.033
160.853
161.869
