1
2
3
4
6
6.25
6.75
7
7.5
8
10
10.25
10.75
11
11.5
12
14
14.25
14.75
15
15.5
16
18
18.5
19
19.5
20
21
22
24
25
26
27.5
28
28.5
28.75
29
29.5
29.75
30
32
32.5
33
33.5
34
35
36
37
37.5
38
40
41
42
43
44
44.5
44.75
45
45.5
45.75
46
48
48.5
48.75
49
49.5
50
51.5
52
52.5
53
53.5
53.75
54
56
57
62
63.5
63.75
64
64.5
64.75
65
65.5
65.75
66
66.75
67
69
69.4167
69.75
70.0833
71.25
72
72.5
73
73.5
73.75
74
75
76
77
78
79
79.5
80
80.4167
80.75
81.0833
81.4167
81.75
82.0833
82.75
83
84.5
85
85.5
85.75
86.0833
87
88.5
88.8125
89.0625
89.375
89.625
90
92
92.5
93
93.5
94
95
95.5
96
96.4166
96.75
97.0833
97.4166
97.75
98.0833
98.75
99
101
101.375
101.75
102
103
104.5
105
105.375
105.75
106
108
109
113
114.125
115.125
