0.8583
1.501
1.7146
3
3.4281
3.8573
4.2865
6
6.8594
7.726
9.8427
10.276
10.701
11.1365
14.9958
15.4292
15.8573
16.2865
18.4448
18.8354
19.2594
19.7156
21.8802
22.2927
22.7115
23.1542
24.0052
24.6458
24.8656
26.5531
28.699
29.124
29.5302
29.9875
30.4271
30.8323
32.1802
32.5864
33.0062
33.4344
33.8594
34.2917
35.5885
36.0031
36.4448
37.2937
37.6937
38.1437
38.9969
39.4229
39.8646
40.3208
40.9927
41.2198
42.5562
42.9864
43.4177
43.8531
44.7031
45.5604
45.9875
46.4156
46.8437
47.2646
48.1375
48.9885
49.4167
49.8427
50.2719
50.7021
51.5583
52.1917
52.4062
54.1292
56.2719
56.7
57.1281
57.5573
57.9864
58.4156
59.0573
59.2739
59.6896
60.3729
60.5656
60.7604
60.9906
61.4156
62.5385
62.7052
63.1312
64
64.8469
65.7114
66.1417
66.8427
67.0552
69.7656
70.2083
70.626
71.0521
71.4948
71.9208
72.5489
72.7614
72.976
73.1958
73.6323
74.2635
74.4791
74.6864
74.9073
75.1198
75.3344
76.6218
77.05
77.4781
77.9094
78.3385
78.7677
79.4062
79.6239
79.8416
80.0531
80.4823
81.125
81.3416
81.55
81.7729
81.9802
82.1927
83.4781
83.9156
84.3406
84.7812
85.202
86.051
86.9177
87.7687
88.6271
90.3333
90.5458
90.7614
90.975
91.4021
91.6166
91.8312
92.0479
92.2604
92.4864
93.7614
93.975
94.1896
94.4031
95.9062
96.3343
96.7635
97.1916
97.6208
98.2593
98.4739
98.6854
98.9031
99.2271
99.3448
99.9791
100.1896
100.4
100.6166
100.8291
101.0489
101.6823
101.9031
102.551
102.7677
103.4104
103.625
103.8364
104.0552
104.4781
107.5937
108.0416
108.451
108.9458
109.4594
111.8885
112.3385
112.7896
113.2489
115.4791
115.9302
116.3791
116.8271
117.7396
119.0687
119.5229
119.9823
120.4385
121.3396
122.0969
122.2219
123.9989
124.8948
126.3281
126.7635
127.2281
127.6875
128.1375
128.5885
129.9468
130.375
130.8271
131.2656
131.6937
132.1635
132.8948
133.1083
133.5031
133.9427
134.3896
135.2854
135.7291
136.177
137.0593
137.5114
137.9656
138.4249
139.9072
140.4479
141.1562
141.3801
144.0666
145.5718
146.1197
147.3624
