0.409375
0.939583
1.211458
1.483333
1.738541
1.996875
2.530208
3.064583
3.319791
3.583333
3.846874
4.115624
4.384375
4.653125
5.178124
5.43125
5.694791
5.973958
6.223958
6.761458
7.547916
7.782291
8.341666
9.415625
9.664582
9.927082
10.17917
10.44583
10.98333
11.51146
11.76771
12.03333
12.29167
12.56354
12.81562
13.09687
13.61979
14.14687
14.39583
14.66458
15.19583
16.00417
16.13541
16.25729
16.80104
17.83541
18.09583
18.35625
18.61562
18.875
19.4
22.02396
22.28542
22.55208
22.81667
23.08646
23.58646
24.39791
24.65729
25.17708
26.22916
26.48958
26.75104
27.01146
27.27291
27.79583
28.32083
28.58125
28.84271
29.10208
29.36666
29.88021
30.39895
30.92812
31.18645
31.45312
31.98645
39.24687
39.74062
40.23645
40.73437
41.23437
41.95729
42.20625
42.44062
42.69062
42.93021
43.18645
43.92916
44.17291
44.89062
45.15312
47.11562
47.60625
48.09375
48.58749
49.07812
49.82187
50.06978
50.30624
50.54583
50.78437
51.04166
51.77604
52.02812
52.74999
53.00416
53.99999
54.48437
54.98437
55.47395
55.96562
56.45728
56.70728
56.94895
57.69061
57.93645
58.17186
58.41874
58.65833
58.92083
59.65728
59.89895
60.14374
60.38437
60.63541
60.88228
61.86562
62.85625
63.33437
63.81979
64.32395
64.81249
65.30936
65.55
65.7927
66.03125
66.2823
66.78125
67.52499
67.64999
67.76562
68.01978
68.13646
68.2552
69.48438
69.60938
69.73228
69.97291
70.22187
70.46249
71.4427
71.56666
71.69062
71.93436
72.05208
72.17812
73.40936
73.5354
73.66248
73.89894
74.14894
74.37707
74.62915
75.11769
75.60728
76.10519
77.06873
77.3177
77.5604
77.80624
78.05415
78.29374
78.54165
79.02395
79.51562
79.99686
80.49269
80.98123
81.21873
81.47081
82.44789
82.93331
83.4229
83.90727
84.88123
85.12811
85.37602
85.61248
85.85727
86.09686
86.34686
87.08123
87.19997
87.32706
87.57497
87.69476
87.81247
88.05622
88.30101
89.27601
90.23851
90.9781
91.21559
91.46247
91.70101
92.44164
92.68123
92.91977
93.16144
93.41144
93.64893
94.02705
94.14164
94.89059
95.12601
95.36768
95.61559
96.35622
96.59267
96.83331
97.07185
97.32185
97.56039
97.93852
98.05623
98.79268
99.03017
99.28643
99.51559
100.252
100.4906
100.75
100.9875
101.2312
101.4739
101.8354
101.9531
102.6854
102.926
103.176
103.4239
104.1541
104.3968
104.6468
105.1395
105.3791
105.6239
108.1687
108.6843
108.9479
109.2031
109.4593
109.7198
110.2385
110.5156
111.0166
111.1614
111.2708
111.8125
112.3427
112.8364
113.0927
113.3593
113.6104
113.8781
114.4229
115.1802
115.4416
115.9698
117.0177
117.275
117.5323
117.7875
118.0531
118.576
118.8635
119.3781
119.5125
119.6468
120.126
120.6562
121.1958
121.7187
121.9719
122.2458
122.7614
123.1427
123.501
123.8594
124.2177
124.5771
124.97
