3.3493
4.1707
5.8346
7.52
9.1307
10.8373
12.064
13.3227
14.176
14.56
14.9866
15.8293
16.672
17.4827
19.1146
20.8107
22.464
24.1707
25.856
26.2827
26.656
27.8827
28.32
29.1307
29.9413
30.7733
32.4373
34.1227
35.7703
37.445
40.0476
40.901
43.3543
44.1543
45.861
47.5356
49.2423
50.853
52.4316
53.7223
53.957
54.8316
55.013
56.6236
57.9996
59.2796
60.4636
61.701
62.5436
63.397
64.197
64.9863
65.8503
66.6503
67.4503
68.261
69.1356
70.0316
70.8316
71.6636
72.517
73.3703
74.1703
75.4503
76.261
76.6343
77.509
78.6609
79.9196
80.7943
81.6476
82.533
83.3543
84.0903
85.7543
86.6503
87.013
87.269
87.461
89.157
90.8316
92.0969
93.3769
94.2196
96.7049
97.5049
99.2222
100.8649
102.4969
104.1822
105.8676
106.6996
107.5742
108.4062
109.2489
110.0382
112.4916
113.3449
115.8516
116.7369
119.2009
120.0329
121.6436
123.4036
