3.75
4.2188
4.9219
5.1563
5.625
6.0937
7.0312
7.5
8.2031
9.6094
10.3125
10.7813
11.25
11.9531
12.6563
13.3594
15
15.3125
15.625
16.0156
16.4063
17.1094
17.3438
17.6953
17.9297
18.2813
18.75
19.0625
19.375
19.7656
20.1563
20.625
20.8594
21.0938
21.4453
21.6797
22.0313
22.5
22.8125
23.125
23.5156
23.9063
24.6094
24.8438
25.1953
25.4297
25.7813
26.25
26.5625
26.875
27.2656
27.6563
28.125
29.0625
30
30.2344
30.3516
30.7031
31.1719
31.4063
31.6406
31.7578
31.875
32.1094
32.2266
32.5781
33.0469
33.2813
33.3984
33.75
33.9844
34.1016
34.4531
34.9219
35.1562
35.3906
35.5078
35.625
35.8594
35.9766
36.3281
36.5625
36.7969
37.0312
37.2656
37.5
37.7344
37.9687
38.2031
38.9062
39.1406
39.375
39.6094
39.8437
40.0781
41.25
41.4844
41.7187
41.9531
42.1875
42.8906
43.125
43.3594
43.5937
43.8281
44.0625
44.2969
44.5312
44.7656
45
45.2344
45.4687
45.7031
46.1719
46.6406
46.875
47.1094
47.3437
47.5781
47.8125
48.75
48.9844
49.2187
49.4531
49.6875
50.625
51.0937
51.5625
51.7969
51.9141
52.2656
52.5
52.7344
52.9687
53.2031
53.4375
53.6719
53.7305
54.1406
54.375
54.6094
54.8437
55.0781
55.3125
55.5469
55.6055
56.0156
56.25
56.4844
56.7187
56.9531
57.1875
57.4219
57.4805
57.8906
58.125
58.3594
58.5937
58.8281
59.0625
59.2969
59.4141
59.7656
60
60.2344
60.4687
60.7031
60.9375
61.1718
61.2304
61.6406
61.875
62.1093
62.3437
62.5781
62.8125
63.0468
63.1054
63.5156
63.75
63.9843
64.2187
64.4531
64.6874
64.9218
64.9804
65.3906
65.6249
66.0937
66.3281
66.5624
66.7968
67.0312
67.4999
67.7343
67.8515
68.203
68.4374
68.789
68.9062
69.1405
69.3749
69.8437
70.078
70.5468
70.7812
71.2499
71.7187
71.953
72.4218
72.6561
73.1249
73.3593
73.5936
73.828
74.0624
74.2968
74.3553
74.5311
74.7655
74.9999
75.4686
75.703
76.1718
76.4061
76.8749
77.3436
77.578
77.8124
78.0467
78.2811
78.5155
78.9842
79.453
79.6873
80.1561
80.6248
81.5623
81.7186
81.8748
82.0311
82.4998
82.7342
82.9686
83.203
83.4373
83.6717
83.9061
84.3748
84.8436
85.0779
85.5467
85.7811
86.0154
86.2498
86.7186
86.9529
87.1873
87.4217
87.656
88.1248
88.3592
88.5935
88.8279
89.0623
89.4138
89.7654
89.9998
90.4685
90.7029
90.9373
91.1716
91.406
91.8748
92.3435
92.5779
93.0466
93.281
93.5154
93.7497
94.2185
94.4529
94.6872
95.156
96.5622
