2.7493
1.0453
1.536
2.0373
5.024
5.5253
6.048
9.0453
9.536
10.0373
13.056
13.5466
14.048
16.2987
16.544
16.8
17.056
17.312
18.0053
20.0213
22.08
23.0613
24.0533
24.8
25.0666
25.5466
26.0373
28.5333
28.8
29.0666
29.3013
29.8133
30.5493
32.32
32.5866
33.0666
33.3013
33.8133
34.5493
36.3307
36.5866
36.8
37.0453
37.2693
37.536
37.7813
38.5066
41.0133
41.6
42.08
43.04
44.0746
44.416
44.7787
45.0453
45.5573
46.5493
47.2853
48.0213
48.384
48.8
49.056
49.4293
49.76
51.04
52.0427
52.32
52.6827
53.024
53.536
54.56
55.3173
56.0533
56.32
56.7146
57.056
57.5146
58.56
59.0613
59.552
60.0533
60.5333
61.024
61.536
62.0587
62.5493
63.04
63.552
64.8107
65.0666
65.5573
66.048
69.0453
69.5253
70.048
70.3253
73.0666
73.3013
73.824
76.32
76.5546
76.8107
77.0773
77.3227
77.8027
78.5387
81.408
81.7493
82.496
82.848
83.5093
83.8507
84.544
84.8533
85.3546
86.048
86.2933
86.5493
86.816
89.4507
89.7813
90.5173
90.88
91.5627
91.8613
92.5653
92.896
93.3546
94.0373
94.2827
94.5387
94.7946
95.5307
97.0453
97.5787
97.8453
98.56
98.8693
99.52
99.8507
100.5653
100.896
101.3653
102.0587
102.2933
102.56
102.816
105.5787
105.8453
106.5813
106.912
107.5413
107.9253
108.5546
108.928
109.536
109.92
110.8053
111.296
112.0427
112.8213
113.3227
114.0587
118.08
118.7946
119.2853
119.808
120.3093
120.8107
121.28
122.016
